-0.166405 0.583311 0
-1.429845 0.167466 1
-0.277648 1.333015 1
0.694458 -0.471661 1
1.029499 -1.372324 1
-1.218431 0.800667 1
0.152245 0.405183 0
-1.411387 0.389866 1
-0.388813 -0.212497 0
-1.362893 -0.762448 1
-0.219761 -0.173866 0
-0.593396 0.444745 0
-0.150539 0.922153 0
0.660669 0.629720 0
-0.768821 0.283582 0
-1.401210 -1.089890 1
1.438321 -1.233771 1
0.270766 0.922684 0
0.941919 -1.252382 1
1.296201 0.620474 1
-0.295802 -0.431252 0
-1.355661 0.603730 1
1.487953 -0.057427 1
-1.156062 -1.368484 1
1.199060 -1.451739 1
0.835224 1.134248 0
-1.018379 0.299067 0
0.335655 0.646801 0
-0.634475 -0.087053 0
-0.412639 1.408194 1
0.916299 1.044837 0
-0.972710 -0.102432 1
-0.670890 0.139005 0
-0.163049 -1.154672 1
0.812053 -1.019961 1
-0.270137 -1.149055 1
0.975941 -0.376270 1
0.740045 -1.262509 1
0.225820 -1.208847 1
0.925045 0.262447 0
1.314010 -0.737028 1
1.325727 -0.828873 1
-0.514335 1.476794 1
-0.499064 -0.951715 1
-0.052428 -1.211425 1
-0.815991 0.095563 0
1.284132 -1.016747 1
0.544466 -0.381149 0
0.200126 -1.127364 1
0.020911 -0.578856 0
0.246534 -0.199517 0
-0.889799 -0.094806 0
1.360128 1.363251 1
-1.252327 -0.957796 1
0.428542 0.269089 0
-0.702049 -0.648247 1
-0.972353 0.964189 0
0.289342 0.687131 0
0.641034 -0.837944 1
-0.928673 1.112990 1
-0.537769 -0.446145 0
-1.040780 -0.093344 1
1.141175 0.768318 1
1.370419 -0.020857 1
0.439750 0.548729 0
-0.954844 1.011624 0
0.508613 -1.151168 1
0.161012 0.335827 0
0.147377 0.421992 0
0.169376 0.813727 0
0.123944 1.137006 1
-0.666111 -1.220454 1
-0.655892 1.218542 0
-0.483391 0.031231 0
0.300231 -0.525555 0
-0.474114 0.552769 0
0.165900 -0.867161 1
0.511012 0.814697 0
0.633847 -1.131778 1
0.073027 0.505552 0
0.559892 0.128180 0
-0.671613 -0.356343 0
1.465792 -0.685652 1
0.978422 -0.035579 0
-1.252684 -1.472913 1
1.141261 1.322922 1
-0.574614 -1.397598 1
-0.744448 0.955422 0
-0.527294 1.178631 0
0.878983 0.986485 0
1.141362 1.107041 1
0.185137 -1.067312 1
-0.414669 0.711128 0
-0.672750 -0.526747 1
1.100073 0.611524 0
-0.442312 0.262548 0
-1.172498 0.782561 1
1.322144 1.153473 1
0.010757 -1.216412 1
-0.223499 1.487347 1
-1.482472 -1.394242 1
-0.738441 1.054122 0
-0.524314 0.233329 0
1.440673 -0.605363 1
-1.463392 -1.279411 1
-0.460699 1.273366 1
-0.217945 1.287766 1
-0.306194 -0.361598 0
1.124007 -0.382173 1
0.821651 0.010410 0
0.855574 0.782960 0
1.033245 -0.093371 1
0.181604 1.066743 0
-0.230511 -0.102091 0
-1.457853 1.073943 1
0.899154 -0.969117 1
-0.576255 -0.260902 0
-0.093241 1.378946 1
0.131891 0.016358 0
-1.303860 -1.231529 1
0.070472 0.553640 0
-0.083619 -0.771555 0
-0.813805 -0.702100 1
0.125886 0.524121 0
-0.225024 0.105757 0
0.016790 0.316066 0
-0.440734 -1.091063 1
-1.333640 0.279324 1
