-1.360694 -0.717087 1
-0.500989 0.911529 0
0.798487 -0.179426 0
-0.180314 1.177672 1
-0.616457 0.337999 0
-0.611443 -0.654214 1
0.837580 1.234938 1
-0.408622 0.981359 0
0.980096 0.708570 0
0.772733 -0.391801 1
-0.176228 0.696049 0
0.341773 0.244327 0
1.082414 0.358656 0
0.481915 1.217759 0
0.127268 0.920198 0
0.069676 -0.553918 0
0.438179 0.891420 0
0.840719 0.875619 0
-0.492951 -0.158124 0
0.031999 0.077851 0
0.703196 1.249926 1
-0.531237 1.332446 1
0.183080 0.457294 0
0.522378 -1.170210 1
-0.975106 -1.354928 1
-0.821409 1.074222 0
1.415425 0.302504 1
-0.469420 1.466995 1
-0.842296 0.215857 0
-1.485148 -1.150343 1
-1.069359 1.314039 1
-0.559229 -0.746387 1
-1.122061 -0.668370 1
0.111293 -1.311974 1
1.176446 1.006404 1
0.336875 -0.685507 0
1.130369 0.835291 1
-0.085263 -0.709021 0
0.372265 -0.969031 1
1.048366 1.397761 1
0.265416 -0.036603 0
1.160065 -0.517026 1
0.888888 -0.845253 1
0.349059 -0.455848 0
-0.257054 0.078034 0
0.294021 -0.283957 0
-0.320623 1.320700 1
0.075915 0.744497 0
0.636013 0.289417 0
-1.069592 0.180595 0
0.036240 0.392355 0
-0.555901 1.283862 1
-0.899224 0.123404 0
0.072478 -0.587249 0
-1.269576 -0.996125 1
-1.143827 0.015505 1
0.595001 -0.410182 0
0.111802 -0.027964 0
-1.263456 0.821756 1
-0.917825 0.837915 0
1.289173 -0.567306 1
0.602968 0.011334 0
0.326309 1.376944 1
0.416035 -0.154060 0
1.327372 -0.171924 1
0.098591 0.818087 0
0.096927 -0.622650 0
-0.091170 1.070948 0
0.234224 -1.061731 1
0.400393 0.578803 0
0.745262 -0.988082 1
-1.052295 -0.916240 1
-0.704356 -0.942328 1
-1.330076 0.725675 1
-0.697403 0.874848 0
0.346100 -0.127870 0
1.261175 1.127440 1
-1.176427 -0.912848 1
-0.406373 0.629155 0
0.352027 -1.250735 1
1.033418 -0.954986 1
0.431420 0.928616 0
-0.913489 -0.676480 1
0.549028 1.279240 1
-1.073444 0.384715 0
0.014473 -0.899810 0
-1.274794 0.515861 1
-0.093713 -1.036151 1
-0.756360 -0.805926 1
0.404849 -0.491494 0
-0.249490 -0.376993 0
1.016589 -0.250729 1
0.501501 0.804647 0
-1.248063 0.994680 1
0.622595 -1.463540 1
-0.493649 1.137461 0
0.472317 0.862112 0
1.249325 0.832856 1
0.510009 -0.336297 0
-0.362373 1.408790 1
0.534862 0.050878 0
0.039965 -0.966116 1
-0.640227 -1.440998 1
0.249496 1.359764 1
1.238055 1.098682 1
0.727887 -0.528685 1
-1.024745 1.371193 1
1.194081 -1.242466 1
-0.824653 -0.201815 0
0.141968 0.186915 0
0.775134 1.144118 0
-1.240242 1.492885 1
1.187849 0.671289 1
1.262805 -0.675738 1
-0.977097 1.434716 1
-0.807702 -0.626298 1
-1.431528 1.267497 1
-1.255435 -0.906425 1
-0.313816 1.427016 1
0.454421 -0.098383 0
1.012304 -1.075696 1
0.752771 0.006878 0
-0.775478 0.206780 0
-0.888395 -1.332736 1
-0.147076 1.273387 1
1.021909 0.685892 0
1.430521 -0.600379 1
0.275550 1.485763 1
-0.938447 1.267059 1
-1.145549 -0.186952 1
-0.100554 1.299303 1
-1.243879 0.498122 1
-0.601464 -0.233827 0
0.470198 -0.410405 0
-0.853722 -0.038590 0
-0.608623 -0.219041 0
-0.660970 -1.032541 1
0.673041 1.127788 0
1.258257 1.440803 1
-1.183044 0.247183 1
-0.009956 -0.764897 0
-0.042713 -1.014651 1
0.539026 1.462607 1
-1.340631 -0.867157 1
-1.039191 -1.404268 1
0.714919 -1.323679 1
0.492141 1.157358 0
0.314470 0.550176 0
-1.355768 0.044089 1
-1.448564 -0.467502 1
-0.547212 0.263973 0
0.615384 -1.227679 1
0.261112 0.990878 0
0.129404 -0.347357 0
1.322485 -1.346273 1
-0.625301 -1.498772 1
-0.605679 -0.419451 0
-1.331947 -1.325011 1
-0.833853 1.404602 1
-1.236163 0.915078 1
-1.325041 0.379987 1
0.539933 0.889314 0
0.226634 -1.477342 1
-1.479550 -0.835357 1
-1.235061 -1.434399 1
-1.380542 -1.020723 1
0.234839 -0.756252 0
1.410902 -0.826975 1
-0.046233 -1.282338 1
0.139218 -0.652554 0
0.772465 -0.635721 1
-0.373551 -0.833689 1
-1.238435 1.012170 1
0.337042 -1.401207 1
-0.379294 -0.233180 0
-0.343443 1.458416 1
0.020520 1.473733 1
0.915450 0.725218 0
0.217323 -0.729109 0
0.614518 0.039867 0
0.317522 0.257249 0
-0.825279 0.434975 0
-1.461552 0.484893 1
0.399706 0.875508 0
0.211607 -1.240667 1
-0.291223 1.218610 1
-0.598288 -0.365389 0
0.825893 1.175142 1
-1.241793 -0.456257 1
0.940832 0.620093 0
-0.736418 -0.370481 0
-0.235483 -0.487421 0
0.198166 -0.111377 0
0.767793 -0.452860 1
1.360710 -0.180970 1
0.410559 0.906662 0
-0.992834 0.752951 0
-0.171717 -0.443631 0
-0.924816 1.294712 1
-1.110091 -0.412666 1
1.364145 -0.311046 1
1.439145 1.198946 1
-1.475915 1.331195 1
1.341050 1.252369 1
0.599971 1.048328 0
-0.054442 -1.465300 1
-0.248271 -1.157944 1
-0.788445 0.562094 0
0.859052 -0.759919 1
-0.854255 -1.064578 1
0.652033 0.555797 0
0.691352 0.379164 0
0.593459 -1.492024 1
-0.272953 -0.896720 1
-0.241843 -1.478723 1
0.190396 -1.065890 1
-0.589723 -1.263723 1
1.005865 0.618735 0
-1.218569 -1.250704 1
0.419173 0.030906 0
-1.330047 -1.279258 1
0.183689 -0.075177 0
1.030676 -1.400128 1
1.346939 1.145081 1
-0.777688 -0.869902 1
-1.223645 -0.924630 1
-0.903972 0.362349 0
0.845497 0.983117 0
-0.107690 -0.844729 0
-1.460570 1.439854 1
-1.097370 0.398154 0
0.208369 0.832346 0
-0.058843 1.058235 0
-1.358112 1.414823 1
1.372506 1.048831 1
-1.180166 -0.193333 1
0.980501 0.478148 0
-0.411310 -0.736269 1
1.351215 -0.100675 1
0.335473 0.886624 0
-1.412967 -0.705104 1
-1.464624 0.019545 1
1.332061 1.265283 1
0.450573 0.946917 0
0.773685 -0.234299 0
1.292327 0.039198 1
0.163496 -1.047864 1
1.377709 0.709737 1
0.099194 1.150909 1
1.005559 1.057744 1
0.006204 -0.355957 0
-0.457093 1.133641 0
-0.708371 -0.807262 1
0.014835 0.382207 0
-0.408058 -1.356874 1
0.232089 -0.613594 0
-1.457991 0.724875 1
-0.441960 0.171367 0
0.466811 1.455040 1
-0.498336 -0.887136 1
-0.623167 0.687052 0
0.507581 1.251798 1
-1.011274 -1.100074 1
-0.764124 1.295378 1
0.786380 -0.566868 1
0.953963 -0.758742 1
-0.667190 0.329506 0
0.075241 0.216450 0
1.166261 -1.391082 1
-1.055032 0.514099 0
-0.674065 -0.712734 1
0.568683 -1.462940 1
-1.414214 0.732885 1
0.059949 1.491435 1
-0.947781 0.076224 0
1.348072 -1.466380 1
-0.529486 -1.305184 1
-0.404732 -0.751785 1
-0.820015 -1.010331 1
-1.286290 1.326626 1
0.023820 0.049405 0
0.876208 -1.426494 1
0.750546 0.369041 0
-0.521141 0.381873 0
0.315161 0.381602 0
-0.721720 -0.993906 1
-0.832451 -0.091360 0
1.136931 -0.428312 1
0.737804 0.566236 0
0.714800 -0.010690 0
1.231042 0.807130 1
1.477373 0.157646 1
0.116565 0.210070 0
0.427148 1.246453 1
0.317302 0.050870 0
0.538856 0.328245 0
0.352537 -0.418667 0
0.562808 -1.300340 1
1.347207 1.070741 1
0.122514 1.151371 1
-1.152501 0.792647 1
0.651032 -1.222011 1
0.563743 1.281357 1
-0.985662 -0.642917 1
1.438639 0.688885 1
-0.404342 -1.207893 1
-0.182694 1.090105 0
0.091381 -1.123212 1
0.478111 1.451127 1
-0.319816 -0.786559 1
-1.132926 0.303540 1
-0.909753 -1.050180 1
0.621923 1.154537 0
0.228959 -0.518346 0
0.969643 0.203472 0
1.061628 -0.994077 1
-0.024146 -1.425077 1
1.426117 0.947959 1
1.121401 1.096700 1
0.851538 0.418193 0
-0.730968 0.869486 0
0.845841 -0.005778 0
1.234206 1.349986 1
1.114284 -1.044198 1
0.363385 1.323989 1
-0.610093 1.020247 0
0.700094 0.918606 0
1.199899 0.627312 1
-1.312472 0.935516 1
-0.039203 0.813146 0
-1.211877 -1.198139 1
-0.092532 0.057854 0
1.030303 -0.049197 1
0.522945 0.496599 0
0.774516 -1.098225 1
-0.237120 -0.016156 0
-0.446587 -1.290602 1
1.388463 -0.329044 1
-1.211049 -1.410253 1
0.181974 -0.856504 1
-0.822461 0.554780 0
0.192815 -0.115836 0
0.085515 -0.450322 0
0.595096 0.308589 0
-0.678037 -1.070065 1
0.839733 -0.073772 0
-0.831874 0.171075 0
0.050695 -0.982508 1
0.888791 -0.171726 0
0.731358 1.427732 1
1.448969 1.453074 1
-1.346480 0.757652 1
-0.951227 0.125279 0
0.407276 -0.011046 0
-0.328581 -1.229035 1
1.001750 1.317119 1
-0.372552 -0.079918 0
0.931824 0.842896 0
1.139704 0.502588 1
0.693108 -1.032426 1
0.368491 0.281547 0
-0.207767 -1.466473 1
1.447637 -0.949509 1
0.664799 1.438485 1
-1.221246 1.392820 1
1.474556 1.206367 1
-0.908443 1.258585 1
-1.316441 0.225460 1
-1.422091 -0.966192 1
-0.098323 -1.398951 1
0.161027 0.297217 0
-1.163060 -0.909832 1
-0.695073 -1.163772 1
0.797119 -1.240049 1
1.059438 0.328352 0
-1.240342 0.444802 1
-0.856545 0.783537 0
-0.445699 0.117631 0
0.445922 -0.884362 1
-1.110835 -0.127281 1
0.566934 0.693722 0
1.428239 0.362288 1
0.379371 -1.214535 1
1.044214 -0.290585 1
-0.944335 0.810477 0
-0.983287 0.291255 0
0.749911 0.345781 0
-0.648498 1.065065 0
0.390090 -0.823847 1
-0.544457 0.318382 0
-0.242866 -1.320763 1
-0.920722 0.110151 0
0.239544 -0.456888 0
1.075743 -1.288654 1
0.269079 1.370376 1
-1.180413 0.093348 1
0.211179 -0.916728 1
0.925320 1.424803 1
0.744402 0.143378 0
0.982685 -0.824540 1
-0.396325 -1.366289 1
1.203234 0.648056 1
-0.098426 -0.447016 0
-0.254515 -1.326615 1
0.839481 -0.800815 1
-0.723260 1.168879 0
0.745646 0.616104 0
1.086229 -0.260963 1
-0.962716 0.056323 0
-1.471892 1.136331 1
-0.930098 -1.010344 1
-0.754106 -0.192308 0
-0.809174 0.298306 0
-0.600114 -0.211874 0
1.061254 -0.609933 1
-0.536437 -1.261526 1
0.531804 0.372547 0
1.086811 1.332083 1
-0.275931 -0.076978 0
1.274156 -0.635353 1
0.412690 0.785829 0
1.040511 1.313141 1
0.609522 0.368657 0
0.380275 0.024198 0
1.060318 0.143666 0
0.681205 -1.390883 1
-1.440542 1.479210 1
0.000647 0.717230 0
1.298610 -0.124391 1
1.378370 1.466929 1
0.225436 1.462430 1
1.475061 0.397582 1
1.427455 -1.073330 1
-0.196831 -1.164049 1
1.341164 1.258233 1
-0.905618 0.456130 0
0.037313 0.316182 0
-0.598479 0.934321 0
0.731439 -1.244041 1
0.475356 -0.890350 1
1.284907 -1.024947 1
0.046292 0.997654 0
1.007708 0.168441 0
1.048762 -0.006857 1
0.418682 -1.325140 1
0.969163 1.422142 1
0.915584 -0.280329 1
0.614450 0.035491 0
0.035552 -0.582134 0
0.456454 0.843985 0
-1.396106 -1.450133 1
-1.398083 -0.930097 1
1.349772 -0.228994 1
-0.861846 0.306665 0
0.909402 -1.337951 1
-0.547764 -1.011123 1
-0.842894 -1.326844 1
-1.158131 0.177793 1
-0.471312 0.091054 0
1.384246 0.009855 1
0.298641 -0.637091 0
-0.028348 -1.184879 1
0.624848 -0.926952 1
0.612795 0.976463 0
-0.034211 -0.925809 0
0.955310 0.642902 0
-0.485912 -1.383163 1
1.252932 -1.292487 1
-1.061004 -0.730216 1
1.276643 0.986487 1
1.414275 -1.381939 1
1.187274 0.815797 1
0.251918 -0.172755 0
-0.250693 -0.686861 0
0.445784 -0.911388 1
0.997743 -1.282102 1
-0.127791 -1.498189 1
0.214389 -0.597696 0
0.998518 -1.377727 1
-0.077116 0.335060 0
1.399739 0.412826 1
0.011099 -1.281972 1
-0.050187 0.677931 0
-0.574655 -0.640342 1
-1.188784 0.360567 1
-1.199305 -0.681581 1
0.534104 0.126623 0
1.490760 -0.535066 1
-1.184842 0.220560 1
1.231075 -0.790790 1
-1.027175 -0.606691 1
-0.545690 0.396160 0
-0.852513 1.476283 1
-0.827800 1.224725 1
-0.949578 -0.921707 1
-0.214857 -0.619907 0
-0.679739 -1.177141 1
-0.634449 1.156993 0
0.019269 0.230010 0
0.195494 -1.195188 1
-1.000479 -0.541202 1
1.197596 1.393298 1
-0.808952 -0.658660 1
-1.180097 -0.640408 1
-1.271320 -0.988769 1
0.513545 -1.052087 1
0.820615 0.894703 0
0.120290 0.054974 0
-0.435822 -0.860278 1
1.296276 1.436772 1
0.884427 1.090472 0
-0.325715 -0.052991 0
0.215227 -0.542570 0
0.609387 -0.491367 0
0.740759 0.227242 0
1.340346 -0.433078 1
1.056584 -0.877186 1
0.557199 -0.800392 1
-0.479175 -1.076018 1
0.420966 1.180548 0
1.109939 -0.971445 1
-0.969220 0.502878 0
-0.190037 0.185063 0
1.279051 -0.806029 1
-0.588893 -0.538054 1
-1.166292 0.437514 1
0.678183 0.478098 0
-1.498880 -1.271624 1
0.223233 -0.994688 1
-0.634468 1.135451 0
-0.775655 1.273612 1
-0.972537 0.871308 0
1.448075 -0.477037 1
0.622666 -0.758235 1
-1.076279 -0.461091 1
1.278813 -0.280931 1
-0.331693 -0.494166 0
0.631778 0.015777 0
0.674430 1.458423 1
0.023561 -1.214291 1
0.792088 -0.194783 0
-1.479962 -0.573916 1
0.279999 1.041706 0
0.945352 -0.038198 0
-0.992302 -0.743002 1
-0.096447 1.115304 1
1.220946 1.341420 1
1.423544 1.175016 1
0.281663 0.387569 0
1.056777 -0.976709 1
1.023874 0.991623 1
-0.963884 0.986237 0
0.380163 1.136956 0
1.488094 0.263830 1
-1.366380 -0.756554 1
-0.518699 1.156653 0
-0.750085 -0.308745 0
0.314412 0.922359 0
-1.122067 -0.403278 1
-1.384861 0.467840 1
0.683521 0.674824 0
-0.077044 -0.537276 0
-1.457146 -1.352651 1
-1.104409 0.091414 1
-0.670664 -1.129697 1
-0.819647 -1.161435 1
1.064504 -0.005267 1
0.999073 1.006018 1
1.161774 0.119195 1
-1.334486 0.406142 1
1.160274 0.652673 1
0.800080 1.454086 1
0.094981 0.631951 0
1.454956 -0.990047 1
-0.954120 0.972237 0
1.003412 -0.225666 1
0.993260 0.847095 0
0.962921 -0.216276 1
0.916131 1.105032 1
0.310313 -1.160357 1
0.673904 1.284210 1
1.499012 1.444314 1
-0.292056 -0.805786 1
0.805791 1.188793 1
-0.792456 1.326613 1
0.957515 0.817034 0
-0.626178 1.485917 1
-0.109135 1.003518 0
0.302296 -0.270549 0
-0.622222 0.244431 0
0.657458 0.152480 0
0.528648 0.149893 0
-0.783654 1.148376 0
0.822847 -0.035222 0
-0.929163 -0.751164 1
-0.684088 -1.377046 1
0.890049 1.322810 1
-0.003220 0.404614 0
-0.891827 0.748982 0
0.202818 -0.357536 0
0.260695 0.542113 0
0.373259 0.653607 0
-0.064985 0.061293 0
0.894442 1.268016 1
-0.931533 0.465161 0
-0.580632 0.431774 0
-0.541448 0.630513 0
1.110442 -1.431125 1
-0.049881 0.990516 0
0.515220 -0.895915 1
1.158970 -0.948972 1
-1.308654 0.027147 1
0.839941 -0.897970 1
0.595793 0.263171 0
0.312077 -1.293905 1
1.141740 -1.023215 1
-1.369414 -0.577881 1
0.123211 -1.040068 1
-1.343930 0.305580 1
-0.753190 0.175671 0
0.945312 -0.228508 1
1.034398 0.970874 1
1.204113 -0.716504 1
1.002899 0.867795 0
0.391281 0.418126 0
0.128571 -0.884098 1
-0.193631 -1.031874 1
0.726051 -0.713072 1
1.388631 -0.073663 1
1.013339 0.477989 0
1.250523 -0.599203 1
-0.067607 0.734965 0
-1.070474 1.389863 1
-0.671686 0.680367 0
1.494027 0.641510 1
0.833897 -1.413224 1
1.187627 -1.302775 1
0.248863 -1.327282 1
-0.714256 1.292725 1
-1.146879 -0.516926 1
-1.058451 -0.488679 1
-0.907431 -0.106771 0
1.106230 0.170628 1
1.147342 0.660967 1
1.332482 -0.031520 1
-0.122595 -1.194182 1
-0.938841 1.074118 1
-0.951400 -1.146022 1
-0.215893 1.214247 1
-0.619495 0.348633 0
-1.226438 -0.183081 1
-0.778264 1.438799 1
-0.891137 -0.471657 1
-1.053919 -0.037790 1
1.095335 0.975768 1
0.603458 -1.124628 1
-0.693644 -0.502285 1
0.718273 -0.818364 1
0.764306 1.420187 1
-1.195280 0.383409 1
-1.395139 -1.425445 1
-1.334780 -0.340069 1
0.927850 0.891211 0
0.865297 -0.498365 1
1.181868 -0.709226 1
0.316781 0.829602 0
-1.118177 0.003088 1
-0.020666 1.054610 1
-0.080172 0.852153 0
-0.505455 1.330687 1
0.415156 1.321154 1
-1.422796 -1.260125 1
-0.743392 -0.369774 0
-1.144593 1.383658 1
0.493247 -0.780880 1
0.766142 0.432840 0
-0.601456 -0.985207 1
-0.020041 0.110731 0
0.239055 0.667777 0
-1.370948 1.480222 1
1.471074 -0.939502 1
-0.050585 -0.303007 0
0.053768 0.943597 0
-1.078722 1.436108 1
1.420145 -0.863642 1
0.714214 1.247052 1
-1.358710 1.319685 1
-0.289503 -0.579937 0
-0.984086 -0.977469 1
0.662997 1.302135 1
-0.710714 -0.238734 0
0.183009 -0.850158 1
1.327532 0.156819 1
0.745332 1.296118 1
-1.344808 -1.030653 1
0.425726 1.406106 1
1.407086 1.275932 1
0.042409 -0.042101 0
0.089878 -0.038372 0
1.044987 -0.086893 1
-0.627783 0.541771 0
0.635260 0.533653 0
-0.464902 -1.295332 1
-1.195601 -1.207584 1
0.301796 0.745782 0
0.619870 0.926712 0
-1.235135 0.152229 1
-1.014389 1.140726 1
-1.320644 -0.086469 1
-0.751347 1.183769 0
1.277485 -0.567320 1
-0.810732 -1.182973 1
0.690938 0.460062 0
-0.485551 -0.239038 0
0.970397 0.525405 0
-0.154228 0.753758 0
-0.732863 -0.565832 1
0.540984 0.028529 0
0.361695 -0.809612 1
1.450577 0.530998 1
0.999285 1.280620 1
-0.558664 -0.845676 1
0.403464 -0.757310 1
-0.357897 -1.280589 1
0.519808 0.686899 0
-0.831903 0.522710 0
1.000703 -0.360190 1
-1.184816 -0.029089 1
1.313957 1.155069 1
-0.190434 0.714671 0
1.375990 0.957105 1
-0.337085 1.339330 1
-0.842373 -0.113961 0
-1.496801 -0.377683 1
0.922380 -1.030422 1
-0.010025 -0.760869 0
-1.444934 -1.329284 1
-0.412734 -0.523742 0
-0.633685 -0.963418 1
-1.192560 -1.085709 1
0.128471 1.338218 1
1.285402 -0.216656 1
1.109508 -0.953269 1
0.120275 0.824578 0
1.319713 -0.829256 1
1.445856 -1.204160 1
0.655606 -0.523841 1
1.491094 -0.381924 1
-0.317475 0.997456 0
1.062287 -1.223138 1
-0.465996 1.368417 1
0.067655 -1.457553 1
-1.266239 0.067441 1
0.169974 1.466065 1
0.236977 0.486405 0
1.140568 0.840891 1
0.979631 0.550313 0
-0.250873 1.437606 1
-0.965388 0.341937 0
-1.419781 0.466764 1
0.643051 -0.593198 1
-0.142156 0.769466 0
-0.501770 0.522429 0
-1.135754 0.337838 1
-1.330483 -0.440819 1
-0.802246 -0.348509 1
-1.457575 -1.385173 1
-0.068628 -0.275933 0
1.061753 1.080635 1
-0.999785 -0.723340 1
0.086454 -1.210016 1
-0.256607 -1.207468 1
1.016412 -0.880081 1
1.204234 -0.768692 1
1.337189 0.309927 1
0.414342 0.748024 0
-0.593393 0.418607 0
0.661048 -1.281351 1
0.271576 0.808797 0
0.437304 -0.889416 1
0.317199 -0.272994 0
-1.180542 0.725639 1
0.485901 -1.349041 1
1.320620 0.462318 1
-1.349386 0.307774 1
-1.078425 -1.153808 1
0.232518 1.255162 1
0.126295 -0.985709 1
1.377417 0.472644 1
0.549002 0.259742 0
0.226504 -1.323802 1
-0.442397 1.205506 0
-0.511202 0.341776 0
-0.250612 1.423659 1
0.018532 -0.518147 0
-0.424098 -0.878247 1
0.201986 -1.155576 1
0.391556 1.189841 0
-0.717823 -0.929909 1
-0.602393 0.201752 0
0.124091 0.291080 0
-1.079116 1.106544 1
-1.098246 -0.758282 1
-0.742087 -0.402896 1
0.934252 1.311339 1
-0.362424 0.835403 0
1.414957 1.065052 1
-1.175706 -1.295774 1
-1.045709 -1.371863 1
1.192653 -1.101434 1
-0.318799 -0.346127 0
0.280025 -0.266534 0
0.116504 0.500095 0
1.290806 0.085448 1
1.428981 1.413176 1
-1.381162 0.101697 1
-0.196764 -0.799967 0
-0.800465 0.560017 0
-0.184808 1.153620 0
-0.388835 0.761750 0
-0.743537 0.460902 0
-0.187030 -0.088489 0
0.004245 -1.173888 1
1.217434 -0.261586 1
0.843617 0.190727 0
0.589332 1.085363 0
-0.997603 0.656022 0
1.007235 1.098778 1
0.673318 0.001726 0
1.309007 -0.251567 1
1.201613 -1.064411 1
-0.111482 0.819126 0
-0.616102 -0.662989 1
1.459264 1.097427 1
1.322320 0.648100 1
0.115717 -1.317394 1
0.477319 -1.100738 1
-0.200413 -0.870255 1
0.958583 -0.693061 1
-1.002073 0.903307 0
-0.485241 0.234766 0
-1.166898 0.688975 1
0.409132 -0.669957 0
0.112920 -0.940005 1
-1.304783 0.480467 1
-0.895989 -0.671818 1
1.323425 0.360355 1
0.497088 0.790122 0
1.403679 1.282935 1
-0.954961 1.033802 0
-0.350558 0.524955 0
1.375846 0.835991 1
0.410140 -0.317698 0
-0.326051 0.860909 0
0.128044 0.848098 0
-0.361163 0.670138 0
-0.754259 0.520064 0
1.199478 -0.026618 1
1.253571 0.554074 1
-0.116320 -0.743999 0
-0.144637 0.334664 0
0.557760 0.939445 0
1.319253 -0.744724 1
1.117460 1.057658 1
-0.381669 -0.705340 1
1.151428 0.723396 1
-1.062836 -0.411819 1
0.629798 1.137024 0
1.286131 0.797785 1
-0.129237 0.894150 0
0.568807 0.863138 0
0.718723 -1.476254 1
0.460564 -1.170641 1
0.006815 1.063590 1
-0.802014 -0.106232 0
-0.869317 -0.046835 0
-1.226745 0.500447 1
-0.634602 0.245476 0
-0.928535 0.727924 0
0.161266 -0.166785 0
0.848064 1.115127 0
-1.159087 1.174928 1
0.811319 -0.303026 1
-1.386783 -0.883867 1
-0.263883 -0.445224 0
0.019678 -0.313431 0
-0.994372 0.311827 0
-0.283434 -1.325834 1
-0.898881 1.109550 1
0.387144 -0.057412 0
1.004771 0.878376 0
1.427802 0.840049 1
0.246369 1.322294 1
-0.742444 1.049866 0
-0.229421 -1.014493 1
0.803042 1.295378 1
0.334857 0.734054 0
0.739883 -0.689187 1
-1.448815 0.525978 1
-0.714161 -0.580881 1
-1.268753 0.046205 1
-0.904226 0.711650 0
0.736887 0.693232 0
0.239980 -0.060618 0
-1.449010 -0.323181 1
0.558090 0.816057 0
-0.508042 0.775396 0
-0.413999 0.620613 0
-0.267310 -1.431828 1
1.370781 -0.975060 1
-0.701887 0.751605 0
0.812103 -0.751866 1
1.366946 0.773547 1
-1.432772 -1.349733 1
-0.811975 -1.415029 1
-0.091793 0.276312 0
-0.495497 0.317894 0
0.485830 0.907486 0
-1.015473 -0.058461 1
1.229887 0.386807 1
0.319313 -0.963009 1
-0.668343 -0.033947 0
1.421825 1.272629 1
0.490398 -0.398356 0
0.932514 -0.832528 1
-1.257814 0.185339 1
-0.962771 -1.403424 1
-1.354011 0.067490 1
0.611459 0.348907 0
-0.056842 -1.391861 1
-0.735965 -0.356476 0
0.921297 0.792960 0
-0.389042 0.506066 0
-0.195171 0.087623 0
0.270971 0.198913 0
-0.690139 0.579738 0
0.403487 0.257923 0
-0.384405 -0.082802 0
-1.193101 -1.366952 1
-1.134812 -1.114184 1
-0.304796 0.784042 0
0.311409 0.560344 0
1.308934 0.203842 1
-1.176568 0.528556 1
-1.030390 -0.999082 1
0.509883 0.406217 0
1.495842 0.175692 1
0.738533 -0.852559 1
-0.846879 0.950474 0
1.176081 -1.084343 1
-0.597460 0.501094 0
0.913797 0.458130 0
0.492170 0.527024 0
0.121315 -0.785487 0
-1.242511 -1.009523 1
0.241149 1.015492 0
0.175780 0.127891 0
0.303004 0.213032 0
1.308642 0.253157 1
0.481435 1.310034 1
-0.769684 -0.179471 0
1.006679 -1.140825 1
-0.509618 -0.823979 1
0.433205 -1.052026 1
-0.601229 -0.998197 1
-0.653373 1.099474 0
0.849594 0.257008 0
0.457220 1.052440 0
-0.024016 -0.458060 0
-0.282164 -0.953780 1
-1.324038 -0.776901 1
1.065301 0.326104 0
-0.914670 0.092045 0
-1.389637 -0.821446 1
1.485736 1.161111 1
0.746466 0.921904 0
-0.421275 0.351956 0
-0.998990 0.275493 0
0.180494 0.973960 0
0.877445 0.548275 0
0.759013 0.300835 0
0.583151 -0.793282 1
-0.364193 -1.168704 1
1.085709 -0.013464 1
-0.635221 -0.058160 0
-0.391860 1.272554 1
0.434653 -1.308158 1
1.074344 -0.594998 1
-0.191130 0.765903 0
-0.117864 0.350030 0
1.381926 0.104159 1
1.430477 0.719802 1
-0.764432 1.070439 0
0.376823 -0.011167 0
-1.380724 1.397168 1
-0.587306 0.774101 0
-0.197090 0.029715 0
1.321233 -0.850177 1
-1.370831 -1.372524 1
1.440914 0.201275 1
-0.999761 1.460606 1
0.332653 -1.062649 1
-1.424721 -1.347776 1
-0.947109 -0.765030 1
-0.749398 0.247805 0
0.155793 -0.106313 0
-0.249448 0.378171 0
0.542747 -0.315392 0
-0.023621 -1.375940 1
1.441989 -1.206043 1
-1.349742 -0.969825 1
0.516256 -1.326968 1
-0.325882 1.430827 1
-0.581491 0.677010 0
-0.545434 0.999767 0
0.153791 1.442454 1
-0.812066 -0.670749 1
-0.697691 1.481540 1
1.192148 0.275169 1
0.944361 -1.325299 1
-0.608517 1.302700 1
0.355302 0.354891 0
0.219408 -0.154741 0
-0.260050 0.484063 0
-0.002196 1.213837 1
0.742219 0.036963 0
-0.587380 1.204421 0
1.097171 1.309896 1
1.387453 0.719779 1
-0.836663 -0.663807 1
-0.472355 -0.749409 1
-0.873420 -0.634355 1
0.391241 1.112885 0
0.069981 1.245922 1
0.139429 0.743835 0
1.236172 -1.051134 1
1.010377 1.442960 1
0.034745 0.464513 0
0.350216 -0.363370 0
-0.846446 0.328346 0
0.743957 -1.378262 1
0.305713 1.347168 1
-1.457909 0.566493 1
1.322022 -0.752438 1
0.598492 0.551097 0
0.696958 -1.445473 1
1.194687 0.102416 1
-1.491557 -0.574348 1
-0.467343 -0.124251 0
-1.198103 0.546267 1
0.385730 1.134577 0
-0.412666 1.402681 1
-0.979929 0.804294 0
-1.281179 0.310843 1
0.356292 -1.188812 1
1.227272 -0.189252 1
1.403270 -0.921535 1
1.436764 0.459425 1
-0.607079 0.569918 0
0.503616 -1.392285 1
0.335551 0.701793 0
-0.945189 -0.462430 1
0.398774 -1.257609 1
0.186704 0.279058 0
-1.153832 0.200714 1
0.696200 -0.187664 0
-0.664923 -0.088566 0
0.301440 0.749011 0
-0.214157 -0.208619 0
0.641306 -0.213968 0
-1.461585 -1.207666 1
1.149658 0.070077 1
1.167041 0.581928 1
0.766632 1.019495 0
-0.083467 0.661084 0
-0.040399 0.120200 0
-0.671567 -1.372409 1
0.375479 -0.706408 1
-1.481536 -0.580857 1
-1.248796 1.328980 1
-0.190384 -0.871810 1
0.538453 0.446415 0
-0.446204 1.482781 1
1.174588 0.280177 1
-1.215594 -0.825531 1
0.380617 -0.865701 1
-1.499372 0.976384 1
1.105891 -0.324322 1
0.712252 -0.502401 1
1.122118 0.015276 1
-1.097661 -1.281556 1
0.464547 -0.729439 1
0.349580 1.146434 0
-1.174663 0.375982 1
1.414006 0.824444 1
1.122776 -0.185854 1
-1.062624 -1.339303 1
-1.490597 1.433338 1
-0.934420 1.088805 1
0.649330 -1.274340 1
1.079297 -0.536287 1
-1.356270 0.343156 1
-0.719968 -0.999196 1
0.302440 -0.892642 1
-0.661492 -0.829278 1
1.306928 -0.450703 1
0.947870 0.546447 0
-1.063614 -0.847030 1
-1.339761 -0.437920 1
1.408702 0.933382 1
1.357278 -0.173545 1
0.905025 -0.853450 1
-0.123424 0.530929 0
-0.328108 -0.482903 0
1.298995 0.767618 1
0.299332 -1.048696 1
0.608290 -0.120539 0
-1.008090 0.333959 0
-1.291818 -0.867371 1
0.290649 -1.103613 1
-0.597524 -1.243698 1
0.936977 -0.603152 1
-1.317308 -0.207797 1
-1.487045 -0.090308 1
-1.065642 -0.675905 1
-0.510617 -0.362820 0
-1.013349 1.483585 1
1.162950 -0.622240 1
-0.409004 -0.677132 0
1.388302 1.443465 1
0.024432 1.373983 1
-0.696771 -0.719625 1
-0.373662 -0.012836 0
1.318437 -0.964557 1
-1.225139 0.025147 1
0.089032 0.559862 0
1.375139 0.370334 1
-0.330551 0.600976 0
0.774308 -0.820495 1
1.158592 0.964315 1
-0.825606 1.421538 1
1.494689 -0.406333 1
0.447797 1.252547 1
1.292455 -1.069942 1
0.295686 -1.069458 1
-0.669658 -0.151128 0
-0.897925 0.713461 0
1.093667 -1.290586 1
1.488791 1.333915 1
-0.149162 1.401214 1
0.317269 -1.349804 1
0.287500 0.801580 0
-0.180455 0.351534 0
0.469991 -0.003780 0
0.602068 0.220469 0
0.887931 -1.375920 1
0.556866 -1.337080 1
-1.213544 -0.221817 1
-0.754052 0.165452 0
0.041422 0.841642 0
0.729993 0.855858 0
-0.459342 -0.773281 1
0.501726 1.440120 1
1.176518 -1.153391 1
-1.402515 0.172667 1
-0.954054 0.671102 0
-1.068127 -0.655943 1
-0.847436 -0.155547 0
1.313758 -0.636006 1
0.033869 0.260159 0
-0.773835 -1.358316 1
0.554823 0.549914 0
-0.737574 -1.334570 1
-0.647284 0.620428 0
-0.866876 0.838426 0
-1.153246 -1.081741 1
-0.630341 -1.402337 1
0.541166 0.814409 0
-0.642162 0.511239 0
-0.506069 -1.298433 1
1.343172 0.071047 1
-0.131131 -0.377389 0
1.175245 0.257580 1
-0.739893 0.445355 0
1.135738 0.589293 0
0.186728 1.080347 0
1.200868 -1.098358 1
0.927232 0.254156 0
0.126146 -1.497809 1
-0.878009 -1.078341 1
0.736347 -1.307665 1
-0.412738 0.465001 0
0.823330 -0.208818 0
-0.093198 -1.027707 1
-0.965433 1.315543 1
0.592421 1.143496 0
0.303116 -1.125931 1
0.008543 0.346922 0
-1.100317 0.026130 1
1.412329 0.326672 1
-0.643934 -1.213232 1
-0.519646 -1.184854 1
-0.603836 -0.894929 1
1.378862 0.873200 1
-1.261658 -1.107223 1
0.619287 -0.513233 1
0.251040 0.033896 0
-0.884501 1.155300 1
0.917536 -0.107380 0
0.733250 0.430192 0
0.550013 0.818895 0
0.173655 1.416028 1
-0.736940 0.287924 0
-0.120448 -1.033738 1
0.111766 -0.102523 0
1.399865 -0.018616 1
0.965726 0.743386 0
1.100484 1.244439 1
0.869611 -0.549300 1
0.856091 -0.918737 1
-0.662170 0.417163 0
1.185547 -1.477724 1
1.335525 -1.196125 1
-0.017153 0.468767 0
0.270651 1.004075 0
-1.365976 1.344249 1
1.357577 0.759756 1
-0.257232 1.037649 0
-0.412637 -0.764962 1
0.308215 -0.218632 0
0.784686 -0.330932 1
-0.861031 -1.495102 1
0.798534 1.355300 1
0.325613 -0.618553 0
0.524710 0.562768 0
1.032474 -1.086383 1
1.248835 0.833265 1
0.034040 -1.409021 1
-0.085507 -0.294451 0
1.284274 -0.605438 1
1.407425 -1.390834 1
0.647861 -0.418353 0
-0.391307 -0.834476 1
-0.173013 1.225858 1
1.307274 0.064631 1
-1.368932 -0.968890 1
0.611790 -0.876622 1
-1.094965 -0.551371 1
0.438314 0.189417 0
-0.314003 0.112013 0
1.040833 0.205093 0
-1.258772 0.430947 1
-0.028221 0.024882 0
0.766490 0.794989 0
1.261006 0.431741 1
-0.165550 -0.479603 0
1.131083 1.108630 1
1.352565 0.902142 1
0.031562 -1.492458 1
-0.192001 0.784821 0
0.707889 -1.455935 1
-1.181225 -1.325399 1
-0.868439 0.757962 0
-0.870313 -0.413135 1
0.038999 0.901170 0
0.952061 -1.181246 1
0.121827 0.386387 0
0.769429 -0.558216 1
-0.988063 -0.746685 1
-1.314843 -1.107115 1
1.243853 -0.591483 1
-0.815494 0.804308 0
-1.307869 -1.193411 1
-0.192774 -0.073639 0
-1.329203 -0.047892 1
0.088557 -1.343088 1
-0.532129 1.018477 0
-0.953439 -0.494319 1
-0.618679 1.456966 1
1.489971 1.287971 1
1.165727 -0.641787 1
0.765396 0.223667 0
-0.784700 -0.688569 1
0.532253 -0.292983 0
-0.800811 0.410835 0
0.282240 -0.357125 0
1.181036 -0.151731 1
-0.735638 -0.273364 0
0.897249 0.147539 0
-0.073167 1.336740 1
-0.430529 0.775466 0
-0.983085 -0.969135 1
1.209911 0.036193 1
-0.223996 0.675297 0
0.366785 -0.572686 0
0.025704 -1.189457 1
1.002993 0.090684 0
0.569283 -1.329423 1
-0.896165 0.540683 0
-0.320494 0.153573 0
1.035297 0.605776 0
-0.116621 1.052920 0
0.540785 -0.381004 0
1.025803 0.139466 0
0.488467 -1.492956 1
1.462674 0.091664 1
-0.325391 -0.836483 1
-0.813679 -0.881790 1
1.468352 -0.876964 1
-0.171836 1.285294 1
-1.360632 0.048961 1
-1.269174 0.814082 1
1.271830 -0.075280 1
-0.775874 0.135657 0
1.378440 -1.176905 1
-0.019910 -0.033788 0
0.610346 0.376486 0
-0.002166 0.190796 0
0.909086 0.667093 0
0.829563 0.898948 0
1.421317 0.368509 1
0.393260 -1.254152 1
-1.485485 0.618806 1
-0.682647 -0.964963 1
0.537609 0.932732 0
1.346241 -0.410426 1
0.489915 0.745483 0
-0.417709 0.661474 0
0.009389 -0.208485 0
-1.208268 -0.025022 1
0.507409 1.024412 0
1.215740 -0.375011 1
0.533069 -1.318607 1
-0.880561 0.273208 0
1.252360 -0.892022 1
-0.625224 0.235011 0
-0.590562 0.045794 0
-0.286988 1.379033 1
0.967060 -1.180290 1
-0.680117 0.408497 0
0.163505 -0.619504 0
1.084163 0.280301 0
0.525442 -0.788382 1
0.654827 -0.942591 1
-0.406941 0.865500 0
0.635497 -0.156045 0
-0.177421 -0.277149 0
-0.877655 0.528037 0
1.408251 -0.550170 1
1.415262 1.377690 1
0.814992 1.207418 1
1.344114 1.192348 1
-1.281421 -0.900483 1
0.282995 0.687634 0
1.075656 1.429566 1
0.673905 1.038829 0
-0.385837 -0.716821 1
-0.451206 0.660190 0
-1.230668 1.045751 1
0.992469 -1.043699 1
0.779535 -1.032291 1
-0.096320 -0.568445 0
-0.740684 0.295134 0
0.190558 -0.976256 1
1.082365 -1.264083 1
0.852556 0.078269 0
0.668250 0.838464 0
-0.369582 0.135648 0
-0.016150 -1.423665 1
1.049936 1.133129 1
1.455643 0.052604 1
-0.809096 -0.481905 1
-0.973807 -0.687273 1
0.457965 0.480167 0
-0.186614 -1.481486 1
1.232397 0.829848 1
0.799842 -0.912032 1
0.683995 0.046429 0
-0.233348 0.171783 0
-0.748247 -1.386827 1
-1.369472 1.324959 1
0.891415 -0.289435 1
-0.911376 0.390008 0
0.203362 0.634571 0
0.559918 0.170059 0
-0.147903 0.534593 0
-0.470132 0.146419 0
1.068764 0.095661 1
1.057641 0.185351 0
1.210847 -0.109856 1
1.311259 0.988849 1
-0.704257 0.600364 0
-0.913891 -0.619410 1
1.285919 0.988249 1
0.383148 -0.011883 0
1.274759 -0.558552 1
1.070810 1.222693 1
-0.576617 -0.983975 1
-0.950899 0.071117 0
0.932721 0.193278 0
0.183670 1.024275 0
0.743237 1.187815 0
0.120079 -0.670203 0
0.918491 -0.086388 0
-0.537248 1.190875 0
-1.185829 1.159072 1
0.470239 -0.146176 0
-0.790954 -0.294525 0
1.116099 -0.576102 1
-0.019066 -1.281793 1
-1.248524 -0.948369 1
-0.867961 -0.078120 0
1.411551 -1.250052 1
0.978682 -0.774776 1
1.155057 0.708264 1
-1.217343 0.006951 1
-0.272735 -0.827966 1
-0.828143 1.117817 0
-1.111907 -1.235000 1
0.865518 -0.915580 1
-0.450524 0.083272 0
-0.569402 0.512977 0
-1.100368 1.062326 1
1.295726 0.204312 1
-0.397783 1.194990 0
0.123726 1.258265 1
-0.777307 -1.456260 1
-1.121699 -1.188969 1
0.801972 -1.391181 1
1.448810 1.479434 1
-1.021632 -0.906619 1
-1.194632 0.221461 1
-1.189809 -0.313896 1
-0.903816 1.435279 1
-0.206874 -0.367476 0
1.327637 0.660098 1
-0.773141 -0.643777 1
0.897132 -0.900681 1
0.807892 0.746270 0
-0.949991 0.842746 0
-1.248246 1.058451 1
1.322617 1.154210 1
0.091037 -0.234613 0
0.959077 0.137745 0
0.137527 -0.674107 0
1.163164 1.462655 1
0.374372 -0.325519 0
1.065077 -0.555556 1
-0.725510 1.181524 0
0.117390 0.424051 0
0.658770 0.623287 0
1.234064 -0.475793 1
-1.396874 -1.424000 1
0.283237 -1.445828 1
-0.614966 0.507590 0
0.040525 0.668789 0
0.637573 -1.388836 1
-1.070243 -1.163181 1
-1.154539 0.459130 1
-1.142963 -0.253039 1
-0.027400 -0.301614 0
-0.721181 1.467030 1
0.131331 1.220863 1
0.523956 -1.443206 1
-1.497724 -0.750082 1
1.444998 -1.110751 1
-0.356850 0.198696 0
0.975393 -1.416632 1
0.898282 -0.678024 1
0.796595 0.254497 0
0.721550 -0.088190 0
-0.815437 0.655143 0
0.303216 -1.095332 1
-0.841082 0.136573 0
0.611591 -1.051699 1
-0.446840 -0.555810 0
1.359897 -1.422126 1
-0.096714 0.124612 0
-0.906589 0.846299 0
1.049588 1.147503 1
-1.166257 -0.571600 1
0.625858 -0.353578 0
-0.212348 -1.270245 1
0.861161 1.289153 1
-0.564667 -1.202719 1
0.872045 0.832993 0
-0.779165 -0.592345 1
-0.171044 0.735800 0
1.456000 0.069382 1
0.088480 1.237311 1
-0.008606 0.710359 0
-1.446738 -0.603557 1
-0.537471 1.060192 0
-0.278537 -1.304444 1
0.173283 0.335839 0
-0.587008 0.295545 0
0.033369 -1.338514 1
-0.561599 1.388092 1
0.687094 -0.779450 1
1.282118 -1.455579 1
0.798785 1.019863 0
1.074111 1.237075 1
1.329852 -0.397393 1
0.676167 -1.087383 1
0.331988 1.499384 1
-1.187747 -1.356154 1
-1.449907 1.029418 1
-0.640432 -0.261960 0
1.429763 0.325806 1
1.005868 -0.780308 1
1.238621 1.455730 1
0.009071 -0.635621 0
1.454564 -0.438346 1
0.362622 -0.431759 0
-0.771413 0.887208 0
0.860198 -0.455678 1
0.916946 -1.309403 1
0.618629 -0.888377 1
0.409279 -0.990672 1
0.843486 -1.284320 1
-1.357503 -0.941116 1
0.249820 -1.186413 1
-1.030853 0.405720 0
-1.307475 -0.568213 1
1.143830 0.892457 1
-0.344122 -0.043416 0
-1.405324 -1.082137 1
0.003979 0.913393 0
-1.284580 0.561717 1
0.524831 0.318802 0
1.124745 -0.025036 1
0.464007 0.157079 0
1.373460 0.634117 1
-1.245941 0.677137 1
-1.485955 1.493239 1
-0.310966 0.618312 0
1.361338 -0.017316 1
-0.425826 0.505455 0
-0.670259 -0.380644 0
0.182499 -0.196368 0
-1.014802 0.346934 0
-0.028280 -0.368268 0
0.674387 -0.716791 1
-0.066702 0.560772 0
-0.631026 1.196010 0
0.686969 -1.000977 1
-0.677500 0.082022 0
0.640782 -0.857016 1
-1.030944 0.853205 0
1.385463 0.244530 1
0.536118 -1.097150 1
1.255746 -0.743363 1
-0.502650 0.022996 0
1.195854 -0.355119 1
-0.871925 0.870740 0
1.480599 -0.457992 1
-0.638787 -1.109500 1
-0.082837 0.887562 0
-0.923198 -0.785011 1
0.441033 0.181910 0
-0.799784 1.331022 1
1.469541 1.284784 1
-1.428979 0.781056 1
0.057618 -0.227845 0
0.665189 -1.123452 1
0.296132 0.917981 0
-0.940612 -0.239519 1
-0.181768 -1.430121 1
0.948369 0.046473 0
-0.962135 -1.271433 1
1.156894 -0.431966 1
-0.737109 -1.137905 1
-0.429135 0.776163 0
0.009838 1.063522 1
1.116609 0.792619 1
-0.826409 -1.350621 1
1.450625 -1.447702 1
0.464985 0.719935 0
0.944348 -0.413901 1
1.101929 1.266476 1
1.482256 0.703393 1
-0.563603 0.590664 0
0.504262 0.027982 0
0.416687 0.614401 0
1.036312 -0.720397 1
0.700975 0.858409 0
-0.940987 0.914034 0
-0.925903 -1.175975 1
0.385306 0.262718 0
1.106854 -1.445818 1
1.331604 -0.052830 1
1.345093 -1.309423 1
0.588922 0.943726 0
-0.483478 -0.042153 0
-0.179941 -1.142710 1
-1.356040 1.024952 1
1.036983 -1.232115 1
0.988114 1.133716 1
-0.858701 -0.950828 1
-1.434376 0.076669 1
-0.917001 0.392311 0
-0.312476 -0.451760 0
0.792519 -0.488385 1
0.098783 1.282486 1
1.018169 1.271206 1
1.371398 0.526209 1
1.191218 1.152518 1
-0.421401 -0.986469 1
-0.370918 0.772998 0
0.211413 1.439794 1
-0.648704 -1.456994 1
-0.165161 -1.108139 1
1.297638 0.027413 1
0.776845 0.226044 0
1.379716 -0.059948 1
0.203025 -0.214290 0
-1.064184 0.816245 0
-0.671961 0.667873 0
-1.109543 1.463809 1
-0.897341 1.374032 1
-0.695442 -0.088081 0
0.701947 1.264238 1
0.688672 -0.610729 1
0.170057 0.251607 0
1.070260 -0.856918 1
0.956403 -0.711742 1
-1.469415 -1.489994 1
-0.451868 -1.033501 1
-1.042404 -0.754530 1
1.102732 -0.303444 1
-1.095619 0.642561 0
-0.137169 0.022462 0
-0.520714 0.678031 0
-0.617679 0.979824 0
0.704640 0.112395 0
0.551209 0.969466 0
0.131098 -0.053223 0
-1.214143 -1.052544 1
-0.257568 -0.546909 0
1.288149 -0.989726 1
-0.737919 0.448283 0
0.881776 -0.690190 1
-0.455333 0.708940 0
0.111011 1.410322 1
0.872224 -0.196360 0
0.746702 1.233068 1
-1.066333 0.570104 0
0.212803 -1.345938 1
-0.016454 1.396157 1
-0.871606 1.185965 1
-1.179060 -0.132994 1
-0.502260 -0.207072 0
-1.222852 -0.917376 1
-1.144394 1.441024 1
0.927203 -0.219682 1
0.520918 0.971047 0
-0.730912 0.853574 0
-1.438259 -0.713429 1
1.022483 0.251166 0
-0.362565 0.459443 0
-0.407120 -0.323983 0
-0.528159 1.131323 0
0.537026 0.720995 0
-1.402772 -0.174850 1
0.344112 -0.075013 0
0.347093 -0.240855 0
0.927997 0.822850 0
1.002839 0.498877 0
1.498532 -0.006315 1
1.070911 1.477939 1
0.825365 -0.070048 0
0.980161 0.907108 0
-0.337468 -0.131171 0
-0.720168 -1.327964 1
0.257227 -0.860974 1
-0.689242 1.222977 1
-0.090895 -0.852394 0
-0.044663 0.477076 0
-0.871590 -0.670515 1
1.308123 -1.207118 1
-1.063874 0.065336 1
-0.966650 0.376674 0
-1.123835 -0.111285 1
-1.436115 0.149041 1
0.334795 -0.811504 1
1.170621 0.569279 1
0.240416 -0.689424 0
-1.356488 -0.021413 1
-0.609048 -0.090258 0
-0.208923 -1.057231 1
-0.475726 -0.192249 0
-0.850598 -0.250085 1
-0.561369 -0.611078 1
-0.935803 1.378983 1
1.094490 0.107299 1
0.437134 -0.878810 1
0.448535 1.025013 0
-0.826600 0.191463 0
0.829102 -0.938432 1
-0.680071 0.906361 0
1.085348 1.166357 1
-0.021829 0.779994 0
1.133838 -1.410013 1
-0.375954 1.248457 1
-1.442221 -0.134207 1
1.273559 -1.235254 1
-1.186485 -1.308069 1
0.863146 0.046766 0
-0.412103 0.329784 0
0.115294 -0.850811 0
0.883293 1.394305 1
1.395059 0.316036 1
0.670146 0.771717 0
1.191711 -0.858638 1
1.106664 0.446634 0
1.213132 -0.290917 1
1.301949 -0.755857 1
0.822632 0.713648 0
0.346170 1.347314 1
-0.169782 1.420754 1
-0.945337 0.769705 0
-1.130049 1.447600 1
-0.918754 1.017732 0
-1.482180 0.572089 1
-0.826758 0.744334 0
-1.285191 0.260806 1
0.473832 0.845275 0
-0.098711 1.100767 0
-1.205472 0.215948 1
-1.218702 1.154653 1
-0.878046 0.968309 0
0.528592 1.495771 1
1.488517 1.073364 1
0.908887 -0.771451 1
-1.299486 -0.966019 1
1.002284 1.088491 1
1.251870 -0.433276 1
-0.081657 0.142886 0
0.266066 0.612346 0
-0.011614 0.244166 0
1.339391 -1.492863 1
0.981090 1.212199 1
-0.990180 -1.154902 1
-1.081826 -0.177401 1
-0.330066 -1.083285 1
1.040455 0.062707 1
-0.090903 -0.805564 0
-1.053560 1.092433 1
0.571285 0.574450 0
0.175537 -0.249610 0
0.356254 -0.007244 0
-0.305830 0.683953 0
0.566510 -0.114487 0
0.711355 1.239725 1
-1.362660 -1.172064 1
0.609291 -0.105059 0
0.405481 1.387355 1
-0.943763 -0.966979 1
0.806170 1.270437 1
0.453617 0.686018 0
-0.608160 -0.884880 1
-1.173548 -1.451939 1
-0.341891 1.019764 0
0.155812 -0.162151 0
-0.369749 -1.225307 1
-0.361281 -0.972333 1
-0.670333 -0.362541 0
-0.450616 0.832585 0
1.431302 -1.154798 1
0.860439 -0.770971 1
-1.464973 -0.136732 1
0.025710 -0.132993 0
0.939318 1.141321 1
-0.616709 -0.100304 0
-1.444241 0.683295 1
0.339920 0.893677 0
1.126239 0.262403 1
-0.848765 -0.886499 1
-0.684671 -0.207895 0
-0.270037 0.552254 0
-0.216791 -0.180931 0
1.250022 -0.639318 1
1.464895 1.238525 1
0.390663 1.423210 1
-0.260733 1.318395 1
1.423862 -0.982927 1
-1.076397 -0.304278 1
0.968073 -0.268507 1
-0.086462 -0.725651 0
-0.909988 1.311108 1
-0.468288 -0.821050 1
-1.163546 0.351655 1
1.074392 -1.288243 1
0.640955 -0.133577 0
-1.223798 -1.162838 1
-0.017330 0.828995 0
1.261832 1.202039 1
-0.121113 -0.456807 0
0.825453 -0.650639 1
-1.475186 -0.082445 1
1.305803 1.258836 1
-1.010103 -1.174506 1
0.525414 -0.604568 1
0.118161 -0.638018 0
-0.845271 -0.904703 1
0.682302 -1.391678 1
1.390078 -0.791219 1
1.042000 1.410472 1
