-0.166405 0.583311 0
-1.429845 0.167466 1
-0.277648 1.333015 1
0.694458 -0.471661 1
1.029499 -1.372324 1
-1.218431 0.800667 1
0.152245 0.405183 0
-1.411387 0.389866 1
-0.388813 -0.212497 0
-1.362893 -0.762448 1
-0.219761 -0.173866 0
-0.593396 0.444745 0
-0.150539 0.922153 0
0.660669 0.629720 0
-0.768821 0.283582 0
-1.401210 -1.089890 1
1.438321 -1.233771 1
0.270766 0.922684 0
0.941919 -1.252382 1
1.296201 0.620474 1
-0.295802 -0.431252 0
-1.355661 0.603730 1
1.487953 -0.057427 1
-1.156062 -1.368484 1
1.199060 -1.451739 1
0.835224 1.134248 0
-1.018379 0.299067 0
0.335655 0.646801 0
-0.634475 -0.087053 0
-0.412639 1.408194 1
0.916299 1.044837 0
-0.972710 -0.102432 1
-0.670890 0.139005 0
-0.163049 -1.154672 1
0.812053 -1.019961 1
-0.270137 -1.149055 1
0.975941 -0.376270 1
0.740045 -1.262509 1
0.225820 -1.208847 1
0.925045 0.262447 0
1.314010 -0.737028 1
1.325727 -0.828873 1
-0.514335 1.476794 1
-0.499064 -0.951715 1
-0.052428 -1.211425 1
-0.815991 0.095563 0
1.284132 -1.016747 1
0.544466 -0.381149 0
0.200126 -1.127364 1
0.020911 -0.578856 0
0.246534 -0.199517 0
-0.889799 -0.094806 0
1.360128 1.363251 1
-1.252327 -0.957796 1
0.428542 0.269089 0
-0.702049 -0.648247 1
-0.972353 0.964189 0
0.289342 0.687131 0
0.641034 -0.837944 1
-0.928673 1.112990 1
-0.537769 -0.446145 0
-1.040780 -0.093344 1
1.141175 0.768318 1
1.370419 -0.020857 1
0.439750 0.548729 0
-0.954844 1.011624 0
0.508613 -1.151168 1
0.161012 0.335827 0
0.147377 0.421992 0
0.169376 0.813727 0
0.123944 1.137006 1
-0.666111 -1.220454 1
-0.655892 1.218542 0
-0.483391 0.031231 0
0.300231 -0.525555 0
-0.474114 0.552769 0
0.165900 -0.867161 1
0.511012 0.814697 0
0.633847 -1.131778 1
0.073027 0.505552 0
0.559892 0.128180 0
-0.671613 -0.356343 0
1.465792 -0.685652 1
0.978422 -0.035579 0
-1.252684 -1.472913 1
1.141261 1.322922 1
-0.574614 -1.397598 1
-0.744448 0.955422 0
-0.527294 1.178631 0
0.878983 0.986485 0
1.141362 1.107041 1
0.185137 -1.067312 1
-0.414669 0.711128 0
-0.672750 -0.526747 1
1.100073 0.611524 0
-0.442312 0.262548 0
-1.172498 0.782561 1
1.322144 1.153473 1
0.010757 -1.216412 1
-0.223499 1.487347 1
-1.482472 -1.394242 1
-0.738441 1.054122 0
-0.524314 0.233329 0
1.440673 -0.605363 1
-1.463392 -1.279411 1
-0.460699 1.273366 1
-0.217945 1.287766 1
-0.306194 -0.361598 0
1.124007 -0.382173 1
0.821651 0.010410 0
0.855574 0.782960 0
1.033245 -0.093371 1
0.181604 1.066743 0
-0.230511 -0.102091 0
-1.457853 1.073943 1
0.899154 -0.969117 1
-0.576255 -0.260902 0
-0.093241 1.378946 1
0.131891 0.016358 0
-1.303860 -1.231529 1
0.070472 0.553640 0
-0.083619 -0.771555 0
-0.813805 -0.702100 1
0.125886 0.524121 0
-0.225024 0.105757 0
0.016790 0.316066 0
-0.440734 -1.091063 1
-1.333640 0.279324 1
-0.114734 -0.807508 0
-0.250099 -0.104245 0
-0.227512 0.616844 0
-1.453509 1.101220 1
1.105358 0.988378 1
1.088476 1.464124 1
0.193043 0.343907 0
0.043051 -1.093564 1
-0.268459 1.328041 1
-0.684985 -1.172572 1
1.215857 -0.146401 1
-1.310348 0.503988 1
1.233535 -1.140020 1
-0.392340 -1.237590 1
0.036687 0.771645 0
-1.021513 0.290925 0
-1.084969 -0.838354 1
-0.313669 -0.051641 0
-0.608461 1.131665 0
-0.862914 0.979098 0
0.321843 -0.534136 0
-0.499627 -0.318778 0
0.468782 1.475848 1
0.886720 -0.719760 1
-1.380550 0.698265 1
-0.630423 -1.432251 1
0.824156 0.170960 0
-1.444777 0.071893 1
-0.290477 0.430083 0
-1.361814 -0.278858 1
-0.781718 0.361577 0
-0.653880 -1.059945 1
0.622544 0.490655 0
-0.428311 1.205962 0
1.413834 -0.968545 1
0.583392 -0.455468 0
0.442728 -1.063729 1
0.976038 -1.349272 1
0.212277 -1.080518 1
0.890766 -0.976186 1
1.079958 0.319705 0
-0.883233 -0.712118 1
0.041511 -0.021699 0
0.306253 1.158796 0
-0.961220 -0.035925 0
0.356687 0.144764 0
-1.172300 -1.459952 1
-0.852850 0.755454 0
-0.085349 -1.109382 1
0.641516 0.229410 0
0.214184 -0.402351 0
0.825825 0.537545 0
0.226837 0.643378 0
-0.384047 -1.339997 1
0.579861 -1.224007 1
-1.382700 0.955266 1
0.995138 0.659921 0
-0.090494 1.339244 1
0.498127 -1.426718 1
1.488082 -1.036202 1
-1.352021 -1.412436 1
-0.331842 -0.964694 1
-0.777798 0.582566 0
1.416484 0.081541 1
0.983399 -1.210570 1
0.720386 0.892815 0
0.326296 1.315940 1
0.008879 0.414729 0
-1.486455 -0.433691 1
0.512864 0.392615 0
-1.105830 -1.278613 1
1.398393 -0.436738 1
1.303787 0.464900 1
1.414500 -1.236882 1
0.158501 0.724343 0
1.028472 -0.584963 1
-1.464692 0.459823 1
-0.670413 -1.342867 1
1.491141 -1.129690 1
1.015620 1.394392 1
0.986845 1.475199 1
-0.367430 -1.154340 1
0.031099 0.801983 0
0.889677 0.368959 0
1.462171 -1.342935 1
-0.785187 0.732433 0
0.186289 1.092811 0
0.874426 -1.464837 1
-1.238996 -1.418788 1
0.338213 -0.880917 1
-0.666360 0.526749 0
-0.188380 1.402240 1
0.905577 1.142578 1
-0.978451 0.119465 0
-1.079332 1.093389 1
-1.349879 -0.605850 1
0.864000 -1.013156 1
0.063956 1.235134 1
-0.762550 -0.913755 1
-0.005986 -0.366395 0
-1.277906 -0.230277 1
1.324510 1.077762 1
0.738313 1.415319 1
-0.109115 1.159159 1
1.411630 -0.433976 1
0.875149 -1.327162 1
-0.805469 -0.726121 1
-0.621181 0.710103 0
-1.020611 0.071188 0
0.095419 -1.406930 1
-1.217908 -0.456472 1
1.068746 -0.738896 1
-0.513871 -1.006149 1
-0.673211 0.702994 0
0.049209 1.474695 1
-1.388398 -0.892877 1
1.472572 -0.176934 1
1.036413 -1.427055 1
-0.273945 1.224488 1
-0.429523 0.407809 0
0.303704 -0.532185 0
0.884813 0.607470 0
-1.467693 -0.042045 1
1.403432 -0.175549 1
-0.087135 1.064263 0
-1.036246 -1.350961 1
0.899068 1.237079 1
0.442956 0.633401 0
1.175718 0.570723 1
-1.148993 1.226089 1
1.449633 -0.993921 1
-0.232107 -1.400311 1
-0.423158 0.826380 0
-0.749572 -1.126358 1
-0.471913 1.225346 0
-1.140104 0.691626 1
0.263587 -1.169091 1
0.171200 0.656502 0
0.570110 -0.216247 0
-1.002910 1.419252 1
0.640528 -1.042440 1
0.520032 0.207077 0
-1.179407 0.564792 1
1.167951 0.481281 1
-1.003378 0.322743 0
-0.155564 0.629833 0
-1.054398 0.267919 0
0.147536 -1.347378 1
-1.231109 0.485760 1
1.433361 -0.387076 1
-0.074690 -1.302375 1
-0.477618 -0.685343 1
-0.078870 -0.784491 0
1.061666 1.465906 1
-1.376354 1.181827 1
-0.234874 1.389789 1
-0.702394 -0.399112 0
1.187131 1.029776 1
-0.962893 0.281660 0
-0.423738 0.392169 0
1.166682 1.371569 1
-0.674847 0.779378 0
-0.580929 -0.779350 1
0.725884 -0.861544 1
-0.340541 1.450233 1
1.059952 -0.519681 1
0.207173 -0.030165 0
0.621088 0.538563 0
-1.134888 1.415761 1
0.961085 0.030731 0
1.346021 0.355570 1
1.179187 0.687601 1
0.182166 1.253439 1
-0.179692 1.321099 1
-1.400071 -0.740355 1
-0.027761 1.432832 1
-1.342340 0.707399 1
-0.715445 0.557994 0
0.110931 0.424510 0
-0.293382 -0.554191 0
1.374848 -0.784181 1
0.680146 -0.709490 1
1.210104 -0.752442 1
-0.241532 0.453054 0
0.825334 -0.853943 1
0.950618 -0.259201 1
-0.326370 -0.200587 0
0.684858 -1.259045 1
0.195688 1.014038 0
-1.458148 0.523616 1
1.312117 -0.024483 1
-0.573954 -0.156572 0
-0.444559 -0.903619 1
-0.443717 0.523422 0
0.258292 0.387348 0
0.670706 -1.368428 1
0.548279 -0.549303 0
0.666539 0.781011 0
-0.014667 -0.710047 0
1.474229 0.816773 1
-0.939512 0.923647 0
1.066371 -0.043102 1
-0.814561 -0.254019 0
1.053306 1.254516 1
-0.974920 -0.243090 1
-0.174331 -0.623230 0
-1.160264 0.878258 1
-1.361193 0.449302 1
1.426876 -0.266845 1
0.063210 -0.044321 0
1.058448 -1.466717 1
-1.209475 0.045123 1
1.249976 0.988676 1
1.206248 0.464659 1
-0.683885 0.407407 0
-0.524154 -0.325162 0
-0.354380 -0.068050 0
-0.723641 -1.448069 1
-0.053794 -0.406037 0
-0.557036 -0.573915 1
1.058458 1.487603 1
1.184235 0.714537 1
0.942443 -0.226802 1
-0.105125 -0.637354 0
-0.193501 -0.272892 0
-0.429494 0.992138 0
-1.356974 -0.300857 1
-0.947902 -0.962827 1
0.413724 -0.743200 1
-1.015421 -1.155337 1
1.087536 -1.037482 1
1.109717 -0.733547 1
-1.095754 -0.312435 1
0.318709 0.764162 0
0.732616 0.590674 0
-0.670251 1.227066 1
-0.696372 0.290067 0
-0.339181 -1.042569 1
0.647621 0.614724 0
-0.040682 0.054604 0
-0.998907 -0.658718 1
-0.828231 1.332338 1
0.811194 -0.956872 1
0.609029 -1.466502 1
-1.185794 1.172419 1
-1.344093 -0.500098 1
1.198988 -1.358235 1
1.021499 -0.914711 1
-1.337054 -0.918635 1
0.740479 -1.471755 1
-0.754334 0.004601 0
-0.033266 0.514051 0
-1.350427 -0.670018 1
-1.224673 -0.492194 1
0.517427 0.916690 0
0.194856 0.267696 0
-0.478264 -0.473384 0
0.228319 -0.663770 0
-1.368069 -0.020280 1
0.773245 0.461664 0
1.264645 1.416242 1
1.428597 0.569967 1
1.322378 -1.084463 1
0.704350 -1.101743 1
0.451487 0.357851 0
-1.114217 -0.459674 1
-1.243378 0.722657 1
-0.904658 -0.863116 1
-0.946299 -0.563680 1
1.484636 0.885279 1
-0.647964 0.122618 0
0.787515 -0.152993 0
0.402408 -1.081128 1
1.430750 -0.122871 1
0.343472 1.099944 0
-0.496923 -1.401295 1
-1.010247 -0.469310 1
0.996370 -0.765275 1
0.635601 0.058746 0
0.980762 0.316065 0
0.800161 1.376062 1
0.541257 0.770254 0
1.166570 0.627723 1
-1.409208 0.278884 1
-1.196904 -1.488003 1
1.081075 -1.285410 1
1.116696 0.344536 0
0.627605 0.784036 0
-1.303575 -1.158379 1
1.234001 -0.860864 1
-0.676477 -0.610787 1
0.955027 1.422281 1
0.274310 0.036047 0
0.451347 0.653415 0
0.746295 -0.096358 0
0.164418 0.085097 0
1.178951 -1.428658 1
0.458203 -1.302440 1
1.426830 -0.714928 1
-0.782399 0.986033 0
0.169187 1.064355 0
-1.446205 0.918915 1
1.302074 1.228617 1
0.304684 -1.454185 1
0.403457 0.276227 0
-0.060858 1.277024 1
0.414294 0.287461 0
0.488143 -1.082447 1
-0.249616 1.482370 1
0.206618 0.219381 0
1.429598 -0.092045 1
1.184237 0.769697 1
0.820539 0.352803 0
-1.281123 0.635634 1
-0.307235 1.150126 0
-0.094356 -1.485599 1
-0.472531 1.366403 1
0.585138 -0.245724 0
-0.086312 0.411339 0
1.038010 -0.540852 1
-1.137597 -0.611328 1
0.300525 -0.985511 1
0.482806 0.345080 0
0.245106 -0.235492 0
0.901643 0.056961 0
0.288411 -0.032521 0
1.150832 -0.664286 1
-0.307170 1.250710 1
0.558924 -0.713484 1
0.059329 -0.623575 0
1.314063 -0.424195 1
1.366541 0.758013 1
0.563352 -0.631267 1
0.535589 1.482174 1
0.118035 -0.872170 0
-0.945018 -0.480348 1
-0.984333 -0.635098 1
-1.376399 0.543423 1
0.747121 -1.149576 1
-0.221394 -1.090280 1
0.302761 -0.538279 0
-1.444758 -0.389093 1
1.197155 1.452479 1
0.166450 1.353514 1
0.529490 -1.388948 1
-0.587695 1.196028 0
-0.449850 0.138207 0
-0.340539 0.747916 0
-1.068107 -1.497935 1
-0.420651 1.335210 1
1.458480 -1.494455 1
1.232496 0.435488 1
-0.060203 -0.877066 0
-0.580685 0.731942 0
0.882933 -0.464430 1
0.069859 0.475464 0
-0.247521 0.193524 0
0.688330 -0.305535 0
1.285606 1.275912 1
1.231958 -0.990064 1
-0.994628 0.285214 0
1.111022 -1.129264 1
-1.463526 1.067317 1
1.198835 0.282824 1
-0.539079 0.561543 0
1.488500 -0.360414 1
0.272428 1.058250 0
-0.152149 1.268561 1
-0.984418 1.280663 1
-0.739759 -0.452778 1
-1.447283 -1.191913 1
0.522100 -1.214890 1
0.356485 -1.204696 1
0.030105 0.288217 0
-0.188604 -0.973131 1
1.276879 0.966762 1
1.046327 -0.971466 1
-0.358976 -0.190139 0
0.701164 -0.527385 1
1.190663 -0.720153 1
0.364300 -0.654479 0
0.586435 0.909282 0
-0.775330 0.814110 0
-0.451986 -1.383145 1
0.623987 1.246663 1
0.165139 -0.778858 0
-0.273334 -0.885239 1
0.634977 -1.044069 1
-1.290061 0.870744 1
0.130048 0.766003 0
0.742415 1.398180 1
1.177388 1.277398 1
-0.573533 1.137160 0
-0.687082 0.664722 0
0.462997 -0.206705 0
-1.065358 0.501693 0
0.168871 0.729879 0
-0.456042 1.210913 0
0.540051 0.772787 0
-1.484794 -0.343798 1
0.869078 -1.491628 1
1.446884 0.887412 1
0.599964 -0.979233 1
-1.308469 -0.987843 1
-0.767608 0.584868 0
-1.366593 -0.790384 1
0.841756 1.334080 1
-0.974007 0.086489 0
0.075356 0.062375 0
0.175100 -1.196976 1
-0.319319 -0.534265 0
0.091624 0.622622 0
-1.406867 1.337082 1
0.667529 -0.942180 1
1.155466 1.423657 1
-1.184196 0.680667 1
1.201051 -1.142813 1
0.121652 -0.339336 0
-1.112681 -0.684262 1
0.324941 0.371857 0
0.855846 0.642524 0
-1.407513 -0.623985 1
-0.168794 0.713924 0
0.689834 -0.602212 1
-0.496595 1.487828 1
-1.086108 0.489868 0
-0.142507 -0.007114 0
0.592724 -1.440692 1
-1.211687 -0.700720 1
-0.278366 1.035917 0
0.601655 1.339035 1
1.036958 0.903986 0
1.225195 1.248561 1
-1.308629 -1.076292 1
-0.818509 -0.550797 1
0.887935 1.156962 1
-0.990108 -0.023176 1
-0.849329 -0.180768 0
1.091302 1.251620 1
-0.022766 -1.276085 1
-0.393066 0.235888 0
-0.559042 -1.240767 1
-0.589309 0.482709 0
1.135402 0.295280 1
1.288824 -0.398921 1
0.189063 -1.395763 1
-1.287630 0.177285 1
1.072832 1.045039 1
-1.210146 -1.379855 1
1.239709 -0.189017 1
0.725648 -1.226285 1
0.198691 1.087787 0
-0.884506 -0.847841 1
-1.161384 0.963805 1
-0.215496 0.518489 0
-0.806694 -0.452176 1
0.769733 0.659753 0
-0.510612 -0.730818 1
0.449591 1.353825 1
0.751256 0.603584 0
0.193546 1.315976 1
0.205368 0.358443 0
-0.295262 0.798688 0
-1.314354 0.182435 1
0.145803 -0.089499 0
1.261343 1.317391 1
-1.155128 -0.002436 1
0.200110 1.306203 1
0.996932 -0.848712 1
-1.334442 0.669226 1
-1.286737 -1.122122 1
-0.382991 -1.183217 1
1.172758 -0.654879 1
-0.424740 -0.736345 1
-0.336291 -1.155799 1
1.107866 -0.894580 1
0.870245 -1.293738 1
-1.063911 -0.416913 1
1.478173 1.230285 1
0.558577 -0.351976 0
-0.485036 0.832059 0
0.587589 1.376384 1
0.368525 -1.096210 1
-1.016619 0.019576 1
0.165841 -1.278959 1
-0.260959 -0.556509 0
1.221395 -0.800211 1
0.268806 0.435696 0
0.293118 1.387487 1
-0.040697 0.301104 0
-1.431117 -0.353805 1
1.201204 1.317632 1
-0.601305 -1.248281 1
-0.727668 0.273613 0
-1.103844 0.815433 1
0.018701 -0.239230 0
0.854703 0.110074 0
0.347105 -1.232430 1
0.976695 -0.618788 1
0.199942 1.355567 1
-0.795237 -1.180393 1
0.531030 0.413385 0
-1.228929 -0.027202 1
0.703649 -1.362457 1
0.500596 1.482979 1
0.543107 -1.187706 1
-0.010384 -1.228946 1
-0.662757 0.604312 0
-0.753998 0.257500 0
0.813194 1.240312 1
-0.580807 1.231492 0
0.043953 0.739500 0
1.278197 0.866479 1
0.514558 -0.190669 0
0.132267 0.987813 0
-0.257849 -0.101065 0
-0.341828 0.433739 0
0.156812 -0.052698 0
-0.020607 0.842355 0
-0.569039 -0.562798 1
0.166673 1.329593 1
-0.716679 -0.437523 1
-0.434462 1.388337 1
-0.495448 -0.884784 1
0.862238 0.955056 0
0.204628 -1.378027 1
-1.313020 0.851436 1
1.091942 -0.660578 1
0.707386 -0.699840 1
0.800417 -0.598047 1
0.712022 -1.061096 1
-0.817009 1.418672 1
0.798058 1.377400 1
0.022800 0.632733 0
-0.842661 -0.726943 1
-1.265844 1.060137 1
-1.292001 -0.265740 1
0.235213 -1.242627 1
-1.483394 -0.106000 1
-1.159754 -0.310902 1
-0.726274 -0.837379 1
0.196471 0.312586 0
1.237228 1.000801 1
0.736165 -1.488236 1
-1.471739 1.103606 1
-0.061350 -0.235701 0
0.893213 0.228064 0
0.631314 -0.185874 0
0.361920 -0.953832 1
-1.134165 1.492434 1
-0.049294 1.435555 1
0.139421 -0.963278 1
-0.461247 1.432821 1
1.242111 -0.290837 1
0.920748 -1.224067 1
0.844376 1.399336 1
0.455464 -1.468080 1
0.645373 1.232832 1
-0.542127 -0.608041 1
-1.439700 0.512783 1
-0.284058 -0.876917 1
1.114354 0.487709 0
-0.555994 1.343509 1
-0.911124 1.129585 1
-1.151134 -0.238940 1
1.311221 1.211713 1
-0.926608 -0.262556 1
-0.775112 1.466290 1
0.460165 1.405645 1
-0.397352 -0.107077 0
-0.822438 -0.355279 1
0.368625 0.146398 0
0.697539 -0.511506 1
0.595177 -1.339792 1
-1.006625 0.808958 0
0.963572 0.101493 0
0.007739 -0.462262 0
-1.488037 -1.143984 1
0.802642 -0.554106 1
-0.036836 0.706191 0
-0.523817 -0.444600 0
1.001420 -1.247497 1
0.869453 0.167451 0
-0.503364 -1.092509 1
-0.135429 1.274151 1
-1.372543 -0.678336 1
0.636573 -0.079344 0
-1.482275 0.356700 1
0.794157 0.657720 0
-0.098112 1.071715 0
0.028633 -0.426343 0
0.615979 0.863307 0
-0.635048 0.692611 0
-1.028557 0.597620 0
-0.357548 0.435262 0
1.347486 0.518402 1
-1.341274 0.440351 1
-1.379619 -0.677032 1
0.712939 -0.310464 0
0.515582 -0.371404 0
-1.256688 -0.827396 1
0.428223 -0.538972 0
1.353503 -0.134901 1
0.354212 0.580440 0
0.697416 1.408463 1
0.044736 0.664910 0
-1.127557 -1.430715 1
0.468703 0.139698 0
-1.372689 1.246857 1
1.054293 -0.073885 1
-0.912065 0.171337 0
1.455485 0.371925 1
-0.476546 -0.854594 1
-1.314646 1.103680 1
0.938439 -0.071254 0
0.034086 -1.315286 1
-0.765869 -1.104435 1
-0.410232 -0.049748 0
0.151599 0.163759 0
1.352849 0.212823 1
-0.511572 0.427760 0
0.543536 -0.876307 1
-1.186046 -0.064918 1
-0.900757 1.219254 1
0.204102 1.418864 1
-0.303347 -0.693559 0
-0.715021 1.092038 0
0.015558 -0.908325 0
-0.565978 -0.508494 0
-0.085282 0.783963 0
-0.595197 -1.389720 1
-1.353314 1.470782 1
1.174133 0.969644 1
0.359245 -0.777219 1
-0.587526 -0.354596 0
-0.017541 1.239411 1
0.002461 0.138519 0
1.215679 -1.375705 1
-0.681910 -0.616699 1
0.100470 0.852253 0
-0.384538 0.543496 0
-1.381114 -0.105497 1
0.685714 1.471006 1
-0.293646 0.653241 0
0.675844 0.263481 0
-0.500843 0.216423 0
-1.113280 1.375990 1
-1.450071 0.691026 1
-0.363039 -1.240683 1
0.619479 0.115577 0
1.029203 -0.286624 1
1.159448 1.312967 1
-0.131350 1.270038 1
-0.558598 0.009558 0
-0.421765 1.458164 1
1.296309 -0.044167 1
-0.376319 -0.273385 0
-1.393491 1.379310 1
-1.370285 -0.387081 1
-1.194121 0.816805 1
-1.138432 0.560604 0
-0.724990 0.239625 0
0.849628 -1.236461 1
0.038082 -0.479862 0
0.808317 0.927513 0
-0.803198 0.719973 0
-0.958437 -1.031531 1
-0.834402 0.008884 0
-0.178775 0.117269 0
1.368526 -0.563204 1
0.454168 0.518555 0
-1.225164 -0.962918 1
-0.955215 1.176478 1
-0.680579 1.361930 1
0.143571 -1.373394 1
-0.377167 -0.427031 0
-1.125667 0.095329 1
-0.716196 -1.096125 1
-0.234109 -1.080537 1
0.358612 -0.109169 0
1.257991 0.015245 1
1.033262 -0.354860 1
0.220996 1.265561 1
-0.195077 -0.313803 0
1.184979 0.087152 1
-0.442618 -1.440238 1
-1.105917 0.020402 1
-0.184125 1.272606 1
-1.342738 0.765893 1
-0.219967 1.253272 1
0.559929 -1.031732 1
-1.103703 1.206832 1
0.228439 -1.177012 1
-0.442065 0.936664 0
1.434322 -1.312175 1
0.687135 0.503433 0
-1.131859 1.294740 1
0.505597 0.287816 0
0.666789 0.899235 0
-0.701951 0.657380 0
1.080747 0.006572 1
-0.108908 -1.419498 1
0.444623 1.378646 1
0.167342 0.058097 0
1.479487 -1.163611 1
-1.375647 -0.772963 1
-0.198645 0.391053 0
0.507422 -1.248722 1
-0.600911 1.027950 0
-0.310473 -0.851358 1
0.070244 -0.694368 0
1.336036 -1.147882 1
1.372800 -0.165855 1
0.275935 -0.993636 1
-1.178591 1.143059 1
-1.281392 0.475792 1
1.332620 1.060342 1
-0.200033 -1.350816 1
-0.319721 0.032118 0
0.004385 1.326467 1
0.519044 -1.348913 1
0.380514 -1.317743 1
0.635435 -1.295200 1
-0.422582 -1.487842 1
0.408680 0.795632 0
0.474921 -0.573698 0
0.915303 -0.547793 1
0.759357 0.457987 0
0.172726 -0.952501 1
0.160300 0.153901 0
1.462501 1.309106 1
0.418537 -0.559022 0
0.561538 0.455433 0
-0.260761 0.928514 0
1.445689 -0.272131 1
-0.506191 -0.215854 0
-0.791412 -1.218472 1
0.435265 -0.919755 1
0.274261 -1.139023 1
0.689024 1.364656 1
-1.094523 1.160576 1
0.231019 -0.417236 0
0.851952 0.302680 0
-1.356983 -0.295600 1
-1.161982 1.491777 1
0.761867 -1.022313 1
-1.400528 -0.151866 1
1.147974 -0.901298 1
-0.483821 0.470104 0
1.083022 -1.354029 1
-0.078878 0.115897 0
1.184495 -0.920048 1
-0.442761 -0.575262 0
-1.280157 0.365604 1
-1.168862 1.338281 1
-0.012896 0.110629 0
1.467292 -1.190404 1
-1.239039 -0.097287 1
0.923185 -1.386133 1
-0.952817 0.759018 0
-1.017296 -0.412334 1
1.259830 -0.732892 1
-0.602796 0.847403 0
1.375266 0.336755 1
-0.278492 1.152443 0
0.913299 0.624243 0
0.231239 -1.159027 1
-0.018244 0.876790 0
-0.672680 0.627879 0
-0.273231 0.647513 0
-0.916821 -0.904653 1
0.301352 1.383055 1
-0.541730 1.390946 1
-1.031698 1.358950 1
-0.998204 -1.301310 1
-0.711325 -1.013850 1
-0.410234 -0.365071 0
-0.842547 1.390282 1
0.754384 0.602182 0
1.443067 -1.446788 1
0.188992 0.315906 0
-0.300321 -1.415995 1
0.184303 0.289142 0
-0.699877 -1.478897 1
-0.785042 -1.181420 1
0.007896 1.375742 1
0.396023 0.889668 0
0.175429 0.560063 0
-0.186036 -1.277212 1
1.189786 0.949794 1
-1.261282 0.308444 1
-0.616689 0.212439 0
1.233928 1.002989 1
0.233501 -0.128511 0
0.362971 1.286943 1
-1.020461 -0.313020 1
-1.336686 0.135668 1
-0.401900 0.097824 0
1.302349 0.071988 1
-0.365588 -0.967594 1
-1.190875 -1.103319 1
0.623188 0.256705 0
0.830129 0.058842 0
0.564907 -0.184604 0
-1.176414 -1.054432 1
-0.370348 0.498833 0
-0.707081 -0.009768 0
-1.220217 -0.643216 1
1.034175 -1.287311 1
0.668503 -0.223176 0
-0.907284 -0.572141 1
0.628869 0.668479 0
0.556983 1.151095 0
0.829125 1.115849 0
-1.108445 0.454496 0
-0.405733 -1.139140 1
-0.686481 -0.344015 0
-1.360378 0.258815 1
-0.387231 1.120148 0
-0.556575 0.105314 0
-1.280869 1.465209 1
-1.313200 0.068472 1
-0.631504 -0.661186 1
0.459565 -0.583199 0
0.672715 1.394556 1
-0.272371 0.559461 0
0.212528 0.544288 0
-0.255918 1.495610 1
0.941182 -1.462389 1
0.819752 -1.157688 1
-0.670513 -0.966850 1
-1.004182 -0.645224 1
0.173693 -1.250534 1
-0.243323 0.102921 0
1.391589 0.266693 1
0.596890 1.252902 1
0.692500 -0.691805 1
0.764828 0.748346 0
-0.234604 -0.061787 0
0.117312 -1.318815 1
-0.687219 -0.285732 0
1.295749 0.240390 1
0.787123 1.293189 1
-0.731691 -0.146698 0
-0.976864 -1.280366 1
-0.191613 -1.171586 1
-0.632950 1.253670 1
-0.291156 -0.421526 0
0.484032 -0.027665 0
-1.214382 0.408701 1
0.394122 -0.598709 0
0.510609 -0.528906 0
-1.040953 -0.818700 1
-0.127044 0.401624 0
0.642985 1.302832 1
-0.575024 -1.366445 1
0.700803 -1.362188 1
-0.448125 0.375558 0
-1.275560 1.221020 1
0.716168 0.637382 0
-0.396382 -1.234555 1
0.774938 -1.451315 1
-1.071793 1.432679 1
0.784121 0.158747 0
1.210631 1.410298 1
-1.022171 0.116556 0
0.831156 -0.885324 1
-0.794022 1.160025 0
-1.042952 0.656638 0
1.338240 0.833361 1
-1.321470 -0.396258 1
-1.046777 0.781860 0
0.014401 0.131516 0
-1.413735 1.327318 1
-0.803224 -0.143545 0
0.295530 -0.816173 1
1.200928 -1.060463 1
-0.078871 0.548252 0
-0.834607 -1.267897 1
0.846209 0.903212 0
-0.544925 1.465728 1
0.170408 -0.226723 0
-0.947296 1.355799 1
-0.702028 0.126409 0
-1.236305 -0.109730 1
0.599933 0.957700 0
1.098789 -1.164902 1
-0.471627 -0.322489 0
1.380130 0.188169 1
0.451315 0.753870 0
-0.818925 0.896253 0
-1.099009 1.497524 1
1.279139 0.743156 1
1.392600 -0.922557 1
0.700571 -0.879223 1
0.456584 -0.250624 0
0.760312 -0.738755 1
-1.024244 0.001005 1
0.792093 0.693491 0
-0.553691 1.360026 1
-1.133030 1.324865 1
-0.304088 0.512874 0
-0.275376 -0.788830 1
-1.262791 1.468967 1
-1.011290 -1.149052 1
0.742228 0.118799 0
-1.495546 0.513128 1
-0.876509 0.791723 0
-0.942767 -1.143570 1
0.017514 -1.177230 1
-1.364726 -0.617983 1
1.382803 -0.515055 1
-0.812826 0.442853 0
-0.328469 0.072200 0
0.421784 0.928099 0
-0.389357 0.764772 0
-0.680983 1.093539 0
0.930549 0.218938 0
0.090146 -0.656870 0
0.541336 -0.078970 0
-1.451751 -1.306818 1
-1.153892 0.341815 1
1.205448 0.765083 1
0.503189 1.189884 0
0.729006 1.154976 0
0.275363 -0.341928 0
-0.601501 0.758194 0
0.630495 -0.770818 1
-0.803074 -0.263363 0
-1.094965 -0.985549 1
0.591723 -1.330001 1
-0.550563 1.396021 1
1.424258 1.030381 1
0.857435 -1.061171 1
-0.362528 0.926203 0
-0.949101 0.942262 0
-1.164325 -0.851907 1
0.554985 0.987520 0
0.205404 -0.002604 0
-1.446365 -0.084464 1
-0.510917 -1.082932 1
-0.596757 -1.239079 1
0.486485 1.411816 1
0.794041 -1.032184 1
-0.927342 -0.318801 1
-0.986041 0.714660 0
-0.504072 -0.362704 0
1.075856 0.501372 0
-0.786045 -0.393753 1
1.462106 1.117838 1
-0.984409 -0.106443 1
1.477217 0.906229 1
0.229828 0.622187 0
-0.343497 -1.253344 1
0.425983 1.338794 1
0.118301 -1.303469 1
-1.165685 -1.439643 1
0.099810 -0.119271 0
0.271665 0.905425 0
-0.677753 0.975260 0
-0.239801 -1.392020 1
1.419788 -0.965091 1
-1.222667 -0.767120 1
1.011679 -0.143197 1
-1.177996 0.922844 1
-1.223198 -0.405646 1
-1.138175 -0.099570 1
-1.062312 0.821336 0
1.197693 -0.508472 1
-0.701623 1.499081 1
-0.224507 -1.385807 1
0.565641 -0.695674 1
-0.560511 0.672781 0
0.788043 -0.282128 0
1.462166 1.165714 1
1.467644 0.776014 1
0.636747 0.663996 0
-0.464349 1.278156 1
-0.699931 1.258310 1
-1.231874 -0.019717 1
-0.640249 -1.153867 1
-0.466257 0.582639 0
0.492444 -1.285866 1
1.346685 -0.759800 1
-0.294510 0.216054 0
-0.578017 -1.153016 1
-0.409415 -1.401272 1
1.239589 -0.879234 1
0.447026 -0.349402 0
1.414889 0.710010 1
-0.049839 -0.267290 0
-1.064645 -0.030929 1
0.511264 0.559754 0
0.014131 0.600260 0
-0.479075 0.101557 0
0.597840 0.759001 0
-0.278508 -0.983028 1
-0.126966 -1.358180 1
-0.917009 1.122440 1
1.107083 -0.993295 1
1.249456 -0.883904 1
0.467653 -1.483871 1
0.074120 -0.101399 0
-0.447768 -0.435653 0
-0.954887 0.627589 0
-0.671466 -0.511474 1
0.887199 1.062454 0
0.996485 -0.002380 0
-0.774501 -1.065981 1
-1.053967 1.413588 1
-0.898152 0.693885 0
1.154017 -0.568865 1
0.123256 1.014610 0
-0.929873 0.559105 0
1.134550 0.111102 1
0.765935 -1.113343 1
0.106966 0.665427 0
0.777381 1.269607 1
-1.173192 0.536437 1
1.348878 -0.885360 1
0.038772 0.356624 0
0.883317 0.504059 0
0.288319 -1.083780 1
0.689334 -1.068181 1
-1.495352 0.671929 1
-0.716397 -0.403458 0
0.307208 1.195532 0
0.372109 1.377655 1
-0.877884 -0.612386 1
-1.177401 -1.394266 1
-1.236418 0.554468 1
0.257690 1.275827 1
0.089621 -1.102686 1
0.138281 -0.300862 0
0.424063 -0.378497 0
0.721575 -1.469752 1
0.295022 1.226059 1
-1.018160 -0.453313 1
0.055153 1.401768 1
1.257606 1.127863 1
0.319014 0.458772 0
-1.411170 0.366149 1
-0.027859 1.406173 1
-0.691167 1.197041 0
0.476350 -0.906455 1
-0.085521 -0.698713 0
-1.319917 1.422138 1
-1.462268 -1.140264 1
-0.801518 -0.849965 1
0.287511 0.187774 0
-0.584142 -1.278415 1
-0.121748 1.392883 1
0.497511 -1.307278 1
-1.329062 -1.138899 1
-0.399477 0.076041 0
0.723087 0.136041 0
0.098449 0.543394 0
-0.527473 -0.709641 1
0.788095 -0.108518 0
-0.497716 1.157108 0
0.881993 0.033344 0
-0.410120 -1.258066 1
0.819043 1.174140 1
-0.191663 -0.527748 0
0.927946 -1.098809 1
0.742577 1.468196 1
-0.546570 -0.220688 0
0.595718 -1.494760 1
-1.124055 1.020871 1
1.318511 1.477051 1
-1.455438 0.482775 1
-0.535565 -0.730728 1
1.218151 0.535023 1
0.026947 0.476124 0
0.333276 0.348105 0
0.245916 0.868492 0
1.481421 -0.238494 1
0.524621 -0.618827 1
-1.277001 0.014640 1
0.684654 -0.089474 0
1.177947 -0.038902 1
1.401573 -0.613863 1
-1.206303 0.110891 1
-1.473185 -0.487999 1
1.072738 -0.324053 1
-0.293081 0.100801 0
-1.121637 0.919116 1
-0.124377 0.337378 0
0.016620 -0.497648 0
0.751764 0.656277 0
0.769186 0.320566 0
-0.715424 -0.950665 1
0.413188 -1.166589 1
0.965073 1.072739 1
-1.238659 -1.321741 1
-0.020224 0.187892 0
1.146903 1.428027 1
0.942239 -0.496611 1
0.723105 -1.226003 1
-1.151322 -1.190638 1
1.310380 -1.445271 1
-0.868307 0.047591 0
-1.103581 -1.401056 1
-0.704175 -1.021219 1
-0.948296 -1.109739 1
0.468378 -1.059543 1
1.165059 0.601954 1
-0.580410 1.035903 0
-1.490255 -0.369920 1
-1.237573 0.178009 1
-1.455265 1.009661 1
0.589271 -1.328663 1
1.039196 0.289888 0
0.913061 -1.314668 1
-0.634306 1.413568 1
-0.203883 1.496034 1
0.946470 0.881810 0
0.832869 -0.835937 1
0.805921 -0.927373 1
0.630494 1.162340 0
-0.341375 0.241418 0
-0.482771 0.466798 0
-1.290325 -1.171346 1
-0.885128 0.357937 0
0.573553 -1.406301 1
0.938511 0.137639 0
0.151999 -0.298359 0
0.150877 -0.309138 0
-0.657930 -0.595353 1
0.862599 -0.635077 1
0.317313 -1.261337 1
0.328034 0.235792 0
0.635779 -0.455859 0
0.530695 0.390884 0
-1.254392 1.496850 1
-0.847827 0.353493 0
0.784593 -0.427555 1
0.078937 1.061973 0
-1.392050 0.299842 1
0.307500 -1.420772 1
-1.319151 -0.655057 1
1.162329 -1.158961 1
0.752971 -1.044110 1
-0.826248 -1.111337 1
-0.177335 -0.360233 0
0.061262 -0.845005 0
1.186845 -0.891745 1
1.267286 -0.048741 1
1.034402 -0.439685 1
0.516714 -0.075218 0
0.876157 1.311123 1
-0.673736 0.280173 0
0.673145 -0.991304 1
-0.540712 -1.096159 1
-0.500752 -1.419216 1
0.391492 1.431561 1
0.772047 -0.867151 1
0.076518 0.814647 0
0.582876 1.181172 0
-0.970683 0.438437 0
-1.242689 -0.440835 1
-0.161900 0.056960 0
0.546234 -0.777844 1
0.194946 -1.263663 1
-1.317296 1.087302 1
-0.633235 1.456445 1
0.487944 -0.370124 0
1.297422 0.889514 1
0.196360 0.823437 0
0.064572 -0.764371 0
-0.937148 -1.462573 1
-1.096144 0.505787 0
-0.627201 1.470970 1
-0.749207 -1.461809 1
1.426435 -0.285546 1
-0.998887 -0.349478 1
-0.701745 -0.536307 1
-0.230157 -0.506600 0
-0.521300 0.110371 0
-1.430563 0.887561 1
-1.472859 0.026709 1
0.210177 0.555509 0
-0.931634 -1.417566 1
-0.853516 0.525535 0
0.119836 -0.124548 0
1.069398 1.247118 1
-1.163083 0.578565 1
-0.970706 0.370384 0
-0.077059 -1.281236 1
-0.527709 -0.830470 1
-0.415208 0.410898 0
-0.325335 0.353036 0
1.153343 -1.225232 1
-1.057989 1.181183 1
1.398278 0.382889 1
-0.436556 -1.460676 1
0.084285 -0.584175 0
0.799780 -0.409584 1
1.276267 -0.559546 1
0.415708 0.450698 0
-0.619280 -0.515038 1
-0.602649 0.050722 0
-0.987556 -0.972451 1
0.899288 0.816150 0
0.721304 -0.629848 1
-1.461113 0.496538 1
-0.831722 -0.708502 1
1.148560 -0.372281 1
-0.289673 0.623222 0
0.766022 -0.925588 1
-0.027019 -0.651532 0
0.821603 -0.555304 1
-0.406391 -0.357608 0
0.100870 -0.434709 0
0.843927 0.193094 0
0.390478 0.605670 0
-0.065772 -1.153923 1
-0.440683 -0.256878 0
-1.384358 0.285361 1
-0.671277 0.615759 0
-0.673185 -1.009502 1
-0.565236 -0.274827 0
0.981986 0.399017 0
-0.167145 -0.782273 0
0.942076 -0.080839 0
0.844425 -1.040645 1
-0.680420 -1.495800 1
1.472698 -0.957171 1
-0.723685 -1.254160 1
0.895452 1.017852 0
-0.367719 0.192528 0
-0.511966 1.387556 1
-0.069009 1.073586 0
0.151613 -0.150258 0
0.055299 -1.386990 1
-0.304478 -1.306869 1
0.624550 0.067801 0
0.791671 0.196246 0
-0.110388 1.459201 1
-0.662562 -0.382549 0
1.325869 -0.044402 1
1.257297 -0.335466 1
-0.051622 -1.380951 1
1.116857 -0.745799 1
-0.174504 0.674299 0
-0.552618 -0.127734 0
-1.431325 -0.563194 1
-0.571358 -1.018939 1
-0.686706 1.210692 0
-0.850631 -0.306954 1
1.478078 -0.604588 1
1.481985 0.657512 1
0.065277 -0.377689 0
0.631743 0.411777 0
-0.334832 1.015429 0
0.987366 -0.329300 1
-0.643759 -1.133941 1
-0.836701 1.294753 1
1.006873 -1.341929 1
-0.131837 -0.711148 0
0.474496 1.319033 1
-1.317210 -0.800457 1
-0.054435 -0.426947 0
0.982972 -1.358669 1
0.663047 0.835169 0
0.442386 1.050603 0
0.275465 -1.447908 1
0.989581 -1.299246 1
-0.026886 1.378052 1
0.637871 0.455424 0
-1.483808 1.191751 1
0.571100 1.342472 1
1.019474 0.490024 0
-0.148410 0.506125 0
1.396410 0.066170 1
-0.937486 -0.426659 1
-0.949822 -0.162799 1
-0.278560 0.725761 0
0.260263 -1.140853 1
-0.517031 1.123144 0
-0.448285 -0.995731 1
-1.176456 -1.370630 1
1.354918 0.298981 1
-0.324195 0.627135 0
1.137640 0.237504 1
-0.134445 -0.014528 0
0.381782 -0.296862 0
0.596409 1.381032 1
1.193104 -0.026734 1
0.053379 0.843514 0
-1.135363 0.420097 1
-1.378633 -0.006441 1
1.265279 -1.020104 1
-1.323007 0.101165 1
0.120120 1.232565 1
0.157230 1.087580 0
1.028083 -0.917907 1
-0.564640 -1.246063 1
-1.449620 -1.441456 1
0.183404 -0.619330 0
-0.975604 1.098284 1
-0.066680 1.221354 1
-0.881897 0.896288 0
1.455048 0.114617 1
0.638111 0.880866 0
0.786886 1.417284 1
-0.727876 0.979204 0
0.017548 -0.275828 0
-1.343130 0.937507 1
-0.864185 -1.444969 1
-1.341590 1.101472 1
1.054418 0.964307 1
0.105530 0.741409 0
1.239755 1.205619 1
1.224107 -0.608696 1
-0.461288 -0.976797 1
-0.361457 1.149556 0
0.716552 0.305379 0
-0.295448 1.398856 1
1.049640 -1.077511 1
1.448356 0.339531 1
0.408322 -0.014239 0
-1.138472 1.248213 1
-1.022751 0.754823 0
-0.085600 -0.397303 0
-1.045745 -1.219399 1
-0.669934 0.338775 0
-0.085123 -0.045053 0
-0.972512 -0.032865 0
-1.070217 -1.479269 1
0.671895 -0.355445 0
0.704283 1.060784 0
-0.707485 -1.312478 1
0.250447 -1.019376 1
-0.459876 -1.134961 1
0.493869 -0.610396 0
1.084262 1.418812 1
-0.582135 0.916674 0
1.014542 -0.281487 1
1.168844 -0.039748 1
-0.642536 -1.403025 1
0.184514 -0.859330 1
-0.502305 -1.304603 1
-0.820638 -0.421942 1
0.317656 -0.352273 0
0.752016 -1.345785 1
-0.621838 0.270939 0
0.079197 -1.399672 1
-0.573974 1.298148 1
0.352052 -0.994182 1
-0.515748 -0.255366 0
0.503256 0.995667 0
0.424662 -0.488869 0
1.032127 -0.697828 1
-0.736859 0.536558 0
-1.491509 -1.449888 1
1.055321 0.368218 0
-0.046207 -0.014098 0
1.290059 -0.708432 1
-0.821500 -1.487770 1
0.822298 -0.428363 1
0.075572 1.478435 1
0.257584 -0.534614 0
-0.768064 -1.360877 1
0.461271 -0.571070 0
-1.240086 -0.614589 1
0.939125 1.431710 1
0.322246 1.290545 1
0.581713 1.168229 0
-0.823249 -1.063098 1
-0.058604 1.494912 1
-0.098584 0.844016 0
-1.216224 0.875559 1
-0.041018 -1.365437 1
-0.155869 -1.404943 1
-0.588917 0.515181 0
-0.406687 -0.946173 1
-0.570521 -1.017316 1
-1.228524 -0.433570 1
0.806401 -1.066622 1
1.155015 -0.445850 1
-0.583761 -0.570372 1
1.206222 1.422028 1
-0.028034 1.065249 1
0.384608 1.218837 0
0.747430 0.672100 0
0.087292 0.016655 0
-1.266545 -0.193165 1
-1.333964 0.960656 1
0.363157 1.105944 0
0.899582 0.878916 0
-1.371001 0.216088 1
-0.235548 0.125582 0
0.766293 -0.053478 0
-1.315846 -1.143645 1
0.845874 -0.130929 0
-1.238055 -0.092037 1
0.848047 -0.556794 1
0.454530 -0.666042 1
-1.264364 -0.445324 1
1.226711 0.967022 1
0.706094 1.410276 1
0.052658 -0.823795 0
-0.186234 1.479386 1
-0.515095 -1.092988 1
1.455594 1.098840 1
0.713192 0.844935 0
-0.751170 -0.732798 1
0.888303 0.480572 0
0.021384 -1.454363 1
-1.114522 0.835663 1
0.455791 -0.301402 0
-0.531789 -1.147657 1
0.462821 0.862218 0
-1.417060 -0.913006 1
-0.444614 -0.013988 0
-1.051800 1.248243 1
0.380820 -1.080177 1
-0.738782 -0.435529 1
1.295707 -0.133672 1
0.693705 -1.052306 1
1.352398 0.805518 1
0.534413 -1.304658 1
-0.568268 1.247026 1
1.456658 1.131417 1
-0.148247 -0.998826 1
-0.563514 0.126145 0
0.374209 -0.718504 1
0.423630 0.420737 0
1.163168 -1.336212 1
0.569906 -0.040767 0
1.211514 -0.816297 1
1.214311 0.670836 1
1.417851 0.025034 1
-1.454951 -0.705857 1
0.009697 -1.278792 1
1.349909 -1.476921 1
0.251455 1.220292 1
-1.185313 1.489212 1
-0.146947 0.545231 0
0.885146 -1.047654 1
-0.961745 -1.377748 1
0.496684 -1.204282 1
-0.973569 -0.160799 1
0.474062 -0.248716 0
-0.671317 0.302622 0
-0.603733 1.279643 1
0.516278 -0.888228 1
-1.221775 0.420182 1
0.898682 0.049630 0
-0.056930 0.291484 0
-0.569286 -0.568430 1
-0.625238 -0.675725 1
-0.451924 -1.024655 1
-0.971703 -0.576535 1
-1.192611 0.873216 1
-0.007194 -1.365701 1
0.392645 -0.467797 0
-0.447393 -0.721399 1
0.712346 0.224810 0
0.259088 0.001011 0
-0.147435 0.908502 0
0.516819 1.089350 0
1.207526 0.291361 1
-1.361967 -1.437713 1
0.808171 -1.094525 1
0.159900 0.675854 0
1.347916 0.746522 1
-0.266527 1.431778 1
0.206837 -0.584691 0
0.446856 0.296321 0
0.387956 0.869852 0
-1.394908 0.331093 1
1.037608 -0.765889 1
-0.770509 1.490540 1
1.494250 0.619868 1
0.145785 1.489399 1
0.380411 -0.224222 0
-1.417144 -0.600244 1
0.676464 -0.781258 1
0.720369 -0.175993 0
0.697379 0.557530 0
0.303874 1.469148 1
0.598535 1.311451 1
-0.779319 0.290132 0
-0.650162 0.095828 0
-0.310338 -1.283369 1
1.359448 0.044609 1
-0.892566 -0.235614 1
0.338667 1.035629 0
-0.838163 0.030524 0
-0.824304 0.290822 0
1.380314 -0.655198 1
-0.843003 1.214807 1
-0.307283 -0.763154 1
-0.463785 -0.136835 0
-0.922862 -1.481093 1
1.472861 0.107083 1
-0.888051 -0.733051 1
-0.292603 0.579130 0
0.594352 -0.007910 0
-0.383992 -0.624935 0
1.040030 1.486990 1
1.021306 -0.979152 1
-0.477059 -1.403646 1
0.214488 -1.176235 1
-0.649812 0.975706 0
-0.525933 0.823957 0
-1.135491 -0.402212 1
1.418012 0.572640 1
1.186277 1.310255 1
-0.333861 0.173804 0
-0.073404 -1.203835 1
0.215400 0.746049 0
0.701488 0.086048 0
0.907848 1.273541 1
-1.439663 0.090026 1
0.022287 1.144216 1
0.502605 -1.226393 1
0.605813 -0.163283 0
0.340633 -0.993423 1
-1.430912 -1.450858 1
0.474951 1.223974 0
-0.744887 -1.395345 1
-0.716425 -1.036088 1
-0.993641 -1.387588 1
-0.372076 0.757429 0
1.031688 0.781379 0
0.878593 0.054233 0
-0.865267 0.693932 0
1.026978 -1.444782 1
-0.187739 0.743507 0
-0.793619 -0.700900 1
1.457570 0.844099 1
-0.136922 -1.119417 1
0.293563 0.799292 0
-0.211190 -1.268469 1
-0.138095 -1.014616 1
0.839769 1.050677 0
-0.192525 0.747886 0
1.129703 0.520708 0
1.376438 -0.047281 1
0.355691 0.766657 0
0.117644 1.048625 0
-0.711326 0.155894 0
0.939825 0.961887 0
-0.129168 0.614869 0
0.920815 1.161678 1
-0.014757 0.994379 0
-0.690145 1.147927 0
-0.691157 -1.236649 1
-0.861985 -1.090017 1
-1.046991 -0.560467 1
-0.110010 -0.397174 0
1.179573 0.918617 1
-1.057628 0.219863 0
-1.296551 0.681445 1
1.314585 0.858984 1
1.454557 1.288340 1
-1.479670 -1.422547 1
-1.066828 -0.955292 1
1.213136 1.212089 1
0.041556 -0.536703 0
0.005267 -0.954911 0
0.675846 -0.717735 1
-0.365654 -0.247948 0
-1.293277 0.396928 1
0.618683 0.939446 0
0.828051 0.272578 0
0.839620 -0.929518 1
0.405045 1.112858 0
-0.687795 -0.961602 1
0.236616 -0.094329 0
1.137645 -0.721610 1
1.496273 0.257025 1
0.448726 -0.483545 0
-0.731644 -0.712235 1
-0.066104 -0.757375 0
0.741309 0.405851 0
-1.273365 0.244783 1
-0.522717 -1.364565 1
0.690582 0.297039 0
0.575388 -0.292401 0
1.393368 -0.236377 1
-0.183939 1.385592 1
-0.138976 -0.654513 0
-0.117110 0.726063 0
-1.401054 0.174206 1
0.983811 1.243311 1
0.122975 0.763177 0
0.061510 -0.459040 0
-0.693134 -1.259503 1
-0.060341 1.310731 1
-0.427746 0.550347 0
0.293637 0.135447 0
-0.613918 -0.623815 1
-0.505646 1.192337 0
0.992300 0.119263 0
1.243069 -1.321069 1
-0.868732 -0.243391 1
-0.714345 -0.459330 1
0.533226 1.291964 1
-0.141899 0.181321 0
-0.819046 -0.117775 0
-0.682561 0.591324 0
0.237610 -1.033486 1
0.289844 0.318891 0
-1.128693 0.454289 0
0.684160 -0.296141 0
0.729243 0.729920 0
1.217400 0.474342 1
0.933413 0.487849 0
-0.724589 -1.386914 1
0.711083 -0.167862 0
0.447151 -0.626854 0
-0.168349 -1.367723 1
-0.166409 -1.341164 1
0.129449 0.445605 0
0.781807 -0.465126 1
0.457856 1.219689 0
-0.864569 0.757071 0
0.421885 1.276388 1
1.015045 1.062679 1
1.327794 -0.285563 1
0.528298 1.069565 0
0.575674 0.739159 0
0.401523 0.759621 0
-1.139350 0.020103 1
1.001825 1.272811 1
-0.077944 -0.788435 0
0.274610 0.546826 0
0.767236 0.688983 0
0.091873 0.963634 0
-0.062073 -0.821945 0
-1.390064 -1.451515 1
-1.252873 -0.140119 1
-1.097968 -1.022321 1
-1.338196 -0.967666 1
0.292987 -0.272504 0
-0.537566 0.118277 0
-0.083531 -0.301690 0
0.127877 -0.672964 0
0.259576 1.420908 1
-0.194322 -1.216350 1
-0.277196 1.093198 0
0.913355 -0.850506 1
-0.126971 -0.323145 0
0.226331 0.962680 0
-0.717909 -0.855862 1
0.245019 1.074658 0
0.532887 1.476550 1
0.946766 -0.343870 1
0.309633 0.625774 0
-0.278780 -0.313151 0
0.630881 0.984408 0
-0.629311 -1.192666 1
-1.173787 1.361659 1
0.363575 1.335499 1
-0.768264 0.152441 0
0.280137 -1.199341 1
-0.469038 -0.804322 1
1.476414 1.399484 1
0.483196 1.134299 0
0.485060 -0.621847 1
-1.256319 -1.333444 1
1.032036 0.436399 0
0.761036 0.732811 0
0.138222 0.065220 0
0.327060 0.657685 0
1.240560 0.413503 1
0.598875 -1.095565 1
0.840672 -1.066252 1
0.523155 1.355879 1
-0.598245 -1.447078 1
-0.300295 -0.990092 1
1.092347 0.285577 0
-0.457866 0.656302 0
-1.208271 0.736441 1
0.873925 0.569254 0
0.305156 -0.511959 0
1.243024 0.001505 1
0.381936 0.248732 0
-0.710824 -0.652244 1
0.769764 0.295781 0
-0.920571 -1.207003 1
1.208231 -0.054315 1
0.945465 -0.306393 1
1.086130 -0.753813 1
0.359797 0.507464 0
-0.353907 1.393516 1
-0.823548 -1.110564 1
1.256114 -1.166911 1
0.612704 -0.241184 0
-0.548222 0.980942 0
-0.131377 -1.181863 1
0.443800 0.682408 0
1.225950 -0.687097 1
-0.867471 -1.191311 1
0.154039 -0.277804 0
0.704996 1.123766 0
0.642053 0.167576 0
-0.212039 -0.650215 0
-1.040723 1.336150 1
-0.004521 1.070579 1
0.988013 -0.188907 1
-0.846693 0.500702 0
1.498233 0.606081 1
-1.008838 -0.249623 1
-0.429833 -1.393961 1
1.205286 1.154484 1
1.062968 -0.222371 1
0.872050 0.912459 0
0.000838 0.219717 0
-0.475995 1.402124 1
-0.149505 -1.357349 1
-0.844384 0.416137 0
-0.150979 -0.553412 0
0.370044 -0.103763 0
-0.944879 0.826437 0
1.307983 1.166225 1
1.140947 -0.066726 1
0.218240 1.083808 0
1.398626 0.412250 1
1.353163 0.892085 1
-1.310520 -0.225702 1
-1.095433 -0.730171 1
0.049106 0.075849 0
-0.250407 1.048544 0
0.492980 -0.886997 1
0.632606 -1.462878 1
-0.485925 0.064983 0
0.518817 0.953927 0
-1.252688 0.999544 1
-1.006651 0.059254 0
0.372290 -1.243007 1
0.281388 0.350797 0
-0.324460 -0.217081 0
0.937845 0.784289 0
0.539307 -1.039661 1
0.029232 1.306268 1
0.332528 0.566839 0
-1.367147 1.417492 1
-0.470960 0.228433 0
0.481837 1.077327 0
0.470511 1.473724 1
-0.213055 1.073561 0
-1.285697 0.191022 1
0.190244 0.100032 0
-0.197665 -0.195242 0
-1.326084 -0.362376 1
-1.438233 -0.419016 1
-0.191334 1.349271 1
1.484283 -0.129060 1
0.646482 -0.297836 0
0.147412 0.914518 0
-0.243354 1.454376 1
0.753632 1.361782 1
-0.901905 -0.984615 1
-1.448859 1.266815 1
-0.355937 -0.490149 0
0.120615 0.343527 0
-1.382368 -0.762747 1
-0.130901 -1.071436 1
1.065759 1.497734 1
-0.064440 -0.061682 0
0.546979 -0.972647 1
0.044245 0.417697 0
-0.908328 0.779292 0
-1.354914 1.253056 1
0.419368 0.722968 0
0.814200 -1.427090 1
0.282589 0.706094 0
-1.286176 -0.931851 1
0.073108 -0.110463 0
-0.809405 -1.092823 1
1.039822 -0.899233 1
-0.653368 -1.215485 1
0.056770 -1.301402 1
0.579505 -1.413333 1
-0.524129 0.016959 0
-0.371258 1.460954 1
-0.334313 0.020937 0
0.156884 0.488341 0
1.245676 0.145797 1
0.198905 0.641712 0
0.783862 0.957587 0
-1.037340 -1.079289 1
-0.180235 1.329211 1
0.023054 -0.238392 0
0.095038 -1.083794 1
0.162977 0.036340 0
-0.961106 -0.057106 0
-0.046944 0.538742 0
-0.942760 -1.186993 1
-1.204040 -0.586166 1
1.023233 -0.739792 1
1.385837 -1.331512 1
0.418615 -0.315179 0
0.760048 -0.224618 0
0.807272 -1.265413 1
-1.089261 -1.460134 1
-1.171106 -1.415476 1
-1.424054 1.397976 1
0.565303 -0.160245 0
-0.002673 0.417872 0
0.175725 -1.286228 1
0.391722 1.002515 0
-1.147681 0.053234 1
0.934876 0.643012 0
0.867954 1.288264 1
0.064401 0.326901 0
1.499313 1.092598 1
-1.093091 0.557516 0
1.023691 0.071049 0
-1.323569 0.581232 1
0.546437 -0.626825 1
-1.280003 0.542747 1
-1.322405 0.018837 1
-0.724684 -0.409587 1
-0.261549 -0.203394 0
-0.924705 -0.396340 1
1.118624 0.348060 0
1.080350 -0.480707 1
0.273051 0.393442 0
0.687886 0.701777 0
1.007646 0.294389 0
-0.792937 -1.342310 1
0.813046 -0.000429 0
0.940730 0.261248 0
-0.203543 1.133171 0
-0.398129 0.618406 0
-0.014579 0.920544 0
-1.473025 -0.951174 1
1.160128 -0.353137 1
0.963505 0.746679 0
0.592830 1.493230 1
1.402082 -1.282973 1
0.866403 -1.350109 1
1.175487 -1.418894 1
0.650740 -1.482463 1
1.039100 -1.493097 1
-1.039132 -1.058012 1
-0.969406 0.148219 0
1.379363 0.614419 1
-1.365366 -0.810883 1
0.100853 0.603693 0
-0.094506 -0.182482 0
0.059581 0.220599 0
-1.308157 -1.006436 1
-0.269341 1.304397 1
0.606960 -0.830493 1
1.092142 0.881911 1
1.109663 0.266547 1
1.365473 -0.939613 1
0.116931 1.083794 0
0.251691 -0.529185 0
0.755202 1.183268 0
1.411707 1.142820 1
-1.462358 -0.845109 1
0.012985 -0.292409 0
-0.417678 -0.946288 1
-1.448370 -0.780533 1
0.724662 -0.710932 1
-1.493254 -1.454286 1
-0.413783 -0.370661 0
-0.673697 -0.190398 0
-1.450329 1.280008 1
0.949447 1.280713 1
0.024123 0.808170 0
-0.775920 0.385501 0
-0.079713 -0.708597 0
0.594449 -1.171622 1
-0.369931 -0.005999 0
-0.486923 1.220548 0
0.134915 -0.929117 1
-0.184257 1.183258 1
-1.418999 -1.240700 1
-0.613060 -1.450532 1
-0.626625 1.125804 0
0.097004 1.395122 1
-0.893290 -1.189785 1
0.724337 -0.236952 0
-0.465693 0.782905 0
-0.948548 0.449852 0
-0.328085 -1.339293 1
-0.037718 1.094522 1
-1.173630 0.886274 1
0.575021 -0.416839 0
-1.124675 -0.665670 1
-0.539053 -0.064587 0
-0.799321 0.165123 0
0.651432 -1.336819 1
-1.334753 -0.872875 1
-0.482164 0.721014 0
1.248792 0.505025 1
-1.024748 -0.251758 1
-1.139920 -1.277624 1
1.496543 0.157104 1
-1.266975 1.333973 1
-0.780389 -0.383897 1
-1.074252 0.934287 1
-0.667970 -0.066886 0
0.412036 -0.925349 1
0.266953 -0.421271 0
0.456721 -1.217881 1
-0.889545 1.367592 1
-0.202348 0.775556 0
-1.421395 0.862686 1
0.504693 -1.283416 1
0.872997 1.283074 1
0.236497 0.945201 0
-0.450311 -1.491182 1
1.048689 0.842890 0
1.484554 0.837524 1
-0.776598 1.200518 1
0.323124 -0.330801 0
1.061467 -0.261322 1
1.403421 0.178933 1
-0.010439 -0.431040 0
-0.645484 0.258796 0
