-0.166405 0.583311 0
-1.429845 0.167466 1
-0.277648 1.333015 1
0.694458 -0.471661 1
1.029499 -1.372324 1
-1.218431 0.800667 1
0.152245 0.405183 0
-1.411387 0.389866 1
-0.388813 -0.212497 0
-1.362893 -0.762448 1
-0.219761 -0.173866 0
-0.593396 0.444745 0
-0.150539 0.922153 0
0.660669 0.629720 0
-0.768821 0.283582 0
-1.401210 -1.089890 1
1.438321 -1.233771 1
0.270766 0.922684 0
0.941919 -1.252382 1
1.296201 0.620474 1
-0.295802 -0.431252 0
-1.355661 0.603730 1
1.487953 -0.057427 1
-1.156062 -1.368484 1
1.199060 -1.451739 1
0.835224 1.134248 0
-1.018379 0.299067 0
0.335655 0.646801 0
-0.634475 -0.087053 0
-0.412639 1.408194 1
0.916299 1.044837 0
-0.972710 -0.102432 1
