-0.166405 0.583311 0
-1.429845 0.167466 1
-0.277648 1.333015 1
0.694458 -0.471661 1
1.029499 -1.372324 1
-1.218431 0.800667 1
0.152245 0.405183 0
-1.411387 0.389866 1
-0.388813 -0.212497 0
-1.362893 -0.762448 1
-0.219761 -0.173866 0
-0.593396 0.444745 0
-0.150539 0.922153 0
0.660669 0.629720 0
-0.768821 0.283582 0
-1.401210 -1.089890 1
1.438321 -1.233771 1
0.270766 0.922684 0
0.941919 -1.252382 1
1.296201 0.620474 1
-0.295802 -0.431252 0
-1.355661 0.603730 1
1.487953 -0.057427 1
-1.156062 -1.368484 1
1.199060 -1.451739 1
0.835224 1.134248 0
-1.018379 0.299067 0
0.335655 0.646801 0
-0.634475 -0.087053 0
-0.412639 1.408194 1
0.916299 1.044837 0
-0.972710 -0.102432 1
-0.670890 0.139005 0
-0.163049 -1.154672 1
0.812053 -1.019961 1
-0.270137 -1.149055 1
0.975941 -0.376270 1
0.740045 -1.262509 1
0.225820 -1.208847 1
0.925045 0.262447 0
1.314010 -0.737028 1
1.325727 -0.828873 1
-0.514335 1.476794 1
-0.499064 -0.951715 1
-0.052428 -1.211425 1
-0.815991 0.095563 0
1.284132 -1.016747 1
0.544466 -0.381149 0
0.200126 -1.127364 1
0.020911 -0.578856 0
0.246534 -0.199517 0
-0.889799 -0.094806 0
1.360128 1.363251 1
-1.252327 -0.957796 1
0.428542 0.269089 0
-0.702049 -0.648247 1
-0.972353 0.964189 0
0.289342 0.687131 0
0.641034 -0.837944 1
-0.928673 1.112990 1
-0.537769 -0.446145 0
-1.040780 -0.093344 1
1.141175 0.768318 1
1.370419 -0.020857 1
0.439750 0.548729 0
-0.954844 1.011624 0
0.508613 -1.151168 1
0.161012 0.335827 0
0.147377 0.421992 0
0.169376 0.813727 0
0.123944 1.137006 1
-0.666111 -1.220454 1
-0.655892 1.218542 0
-0.483391 0.031231 0
0.300231 -0.525555 0
-0.474114 0.552769 0
0.165900 -0.867161 1
0.511012 0.814697 0
0.633847 -1.131778 1
0.073027 0.505552 0
0.559892 0.128180 0
-0.671613 -0.356343 0
1.465792 -0.685652 1
0.978422 -0.035579 0
-1.252684 -1.472913 1
1.141261 1.322922 1
-0.574614 -1.397598 1
-0.744448 0.955422 0
-0.527294 1.178631 0
0.878983 0.986485 0
1.141362 1.107041 1
0.185137 -1.067312 1
-0.414669 0.711128 0
-0.672750 -0.526747 1
1.100073 0.611524 0
-0.442312 0.262548 0
-1.172498 0.782561 1
1.322144 1.153473 1
0.010757 -1.216412 1
-0.223499 1.487347 1
-1.482472 -1.394242 1
-0.738441 1.054122 0
-0.524314 0.233329 0
1.440673 -0.605363 1
-1.463392 -1.279411 1
-0.460699 1.273366 1
-0.217945 1.287766 1
-0.306194 -0.361598 0
1.124007 -0.382173 1
0.821651 0.010410 0
0.855574 0.782960 0
1.033245 -0.093371 1
0.181604 1.066743 0
-0.230511 -0.102091 0
-1.457853 1.073943 1
0.899154 -0.969117 1
-0.576255 -0.260902 0
-0.093241 1.378946 1
0.131891 0.016358 0
-1.303860 -1.231529 1
0.070472 0.553640 0
-0.083619 -0.771555 0
-0.813805 -0.702100 1
0.125886 0.524121 0
-0.225024 0.105757 0
0.016790 0.316066 0
-0.440734 -1.091063 1
-1.333640 0.279324 1
-0.114734 -0.807508 0
-0.250099 -0.104245 0
-0.227512 0.616844 0
-1.453509 1.101220 1
1.105358 0.988378 1
1.088476 1.464124 1
0.193043 0.343907 0
0.043051 -1.093564 1
-0.268459 1.328041 1
-0.684985 -1.172572 1
1.215857 -0.146401 1
-1.310348 0.503988 1
1.233535 -1.140020 1
-0.392340 -1.237590 1
0.036687 0.771645 0
-1.021513 0.290925 0
-1.084969 -0.838354 1
-0.313669 -0.051641 0
-0.608461 1.131665 0
-0.862914 0.979098 0
0.321843 -0.534136 0
-0.499627 -0.318778 0
0.468782 1.475848 1
0.886720 -0.719760 1
-1.380550 0.698265 1
-0.630423 -1.432251 1
0.824156 0.170960 0
-1.444777 0.071893 1
-0.290477 0.430083 0
-1.361814 -0.278858 1
-0.781718 0.361577 0
-0.653880 -1.059945 1
0.622544 0.490655 0
-0.428311 1.205962 0
1.413834 -0.968545 1
0.583392 -0.455468 0
0.442728 -1.063729 1
0.976038 -1.349272 1
0.212277 -1.080518 1
0.890766 -0.976186 1
1.079958 0.319705 0
-0.883233 -0.712118 1
0.041511 -0.021699 0
0.306253 1.158796 0
-0.961220 -0.035925 0
0.356687 0.144764 0
-1.172300 -1.459952 1
-0.852850 0.755454 0
-0.085349 -1.109382 1
0.641516 0.229410 0
0.214184 -0.402351 0
0.825825 0.537545 0
0.226837 0.643378 0
-0.384047 -1.339997 1
0.579861 -1.224007 1
-1.382700 0.955266 1
0.995138 0.659921 0
-0.090494 1.339244 1
0.498127 -1.426718 1
1.488082 -1.036202 1
-1.352021 -1.412436 1
-0.331842 -0.964694 1
-0.777798 0.582566 0
1.416484 0.081541 1
0.983399 -1.210570 1
0.720386 0.892815 0
0.326296 1.315940 1
0.008879 0.414729 0
-1.486455 -0.433691 1
0.512864 0.392615 0
-1.105830 -1.278613 1
1.398393 -0.436738 1
1.303787 0.464900 1
1.414500 -1.236882 1
0.158501 0.724343 0
1.028472 -0.584963 1
-1.464692 0.459823 1
-0.670413 -1.342867 1
1.491141 -1.129690 1
1.015620 1.394392 1
0.986845 1.475199 1
-0.367430 -1.154340 1
0.031099 0.801983 0
0.889677 0.368959 0
1.462171 -1.342935 1
-0.785187 0.732433 0
0.186289 1.092811 0
0.874426 -1.464837 1
-1.238996 -1.418788 1
0.338213 -0.880917 1
-0.666360 0.526749 0
-0.188380 1.402240 1
0.905577 1.142578 1
-0.978451 0.119465 0
-1.079332 1.093389 1
-1.349879 -0.605850 1
0.864000 -1.013156 1
0.063956 1.235134 1
-0.762550 -0.913755 1
-0.005986 -0.366395 0
-1.277906 -0.230277 1
1.324510 1.077762 1
0.738313 1.415319 1
-0.109115 1.159159 1
1.411630 -0.433976 1
0.875149 -1.327162 1
-0.805469 -0.726121 1
-0.621181 0.710103 0
-1.020611 0.071188 0
0.095419 -1.406930 1
-1.217908 -0.456472 1
1.068746 -0.738896 1
-0.513871 -1.006149 1
-0.673211 0.702994 0
0.049209 1.474695 1
-1.388398 -0.892877 1
1.472572 -0.176934 1
1.036413 -1.427055 1
-0.273945 1.224488 1
-0.429523 0.407809 0
0.303704 -0.532185 0
0.884813 0.607470 0
-1.467693 -0.042045 1
1.403432 -0.175549 1
-0.087135 1.064263 0
-1.036246 -1.350961 1
0.899068 1.237079 1
0.442956 0.633401 0
1.175718 0.570723 1
-1.148993 1.226089 1
1.449633 -0.993921 1
-0.232107 -1.400311 1
-0.423158 0.826380 0
-0.749572 -1.126358 1
-0.471913 1.225346 0
-1.140104 0.691626 1
0.263587 -1.169091 1
0.171200 0.656502 0
0.570110 -0.216247 0
-1.002910 1.419252 1
0.640528 -1.042440 1
0.520032 0.207077 0
-1.179407 0.564792 1
1.167951 0.481281 1
-1.003378 0.322743 0
-0.155564 0.629833 0
-1.054398 0.267919 0
0.147536 -1.347378 1
-1.231109 0.485760 1
1.433361 -0.387076 1
-0.074690 -1.302375 1
-0.477618 -0.685343 1
-0.078870 -0.784491 0
1.061666 1.465906 1
-1.376354 1.181827 1
-0.234874 1.389789 1
-0.702394 -0.399112 0
1.187131 1.029776 1
-0.962893 0.281660 0
-0.423738 0.392169 0
1.166682 1.371569 1
-0.674847 0.779378 0
-0.580929 -0.779350 1
0.725884 -0.861544 1
-0.340541 1.450233 1
1.059952 -0.519681 1
0.207173 -0.030165 0
0.621088 0.538563 0
-1.134888 1.415761 1
0.961085 0.030731 0
1.346021 0.355570 1
1.179187 0.687601 1
0.182166 1.253439 1
-0.179692 1.321099 1
-1.400071 -0.740355 1
-0.027761 1.432832 1
-1.342340 0.707399 1
-0.715445 0.557994 0
0.110931 0.424510 0
-0.293382 -0.554191 0
1.374848 -0.784181 1
0.680146 -0.709490 1
1.210104 -0.752442 1
-0.241532 0.453054 0
0.825334 -0.853943 1
0.950618 -0.259201 1
-0.326370 -0.200587 0
0.684858 -1.259045 1
0.195688 1.014038 0
-1.458148 0.523616 1
1.312117 -0.024483 1
-0.573954 -0.156572 0
-0.444559 -0.903619 1
-0.443717 0.523422 0
0.258292 0.387348 0
0.670706 -1.368428 1
0.548279 -0.549303 0
0.666539 0.781011 0
-0.014667 -0.710047 0
1.474229 0.816773 1
-0.939512 0.923647 0
1.066371 -0.043102 1
-0.814561 -0.254019 0
1.053306 1.254516 1
-0.974920 -0.243090 1
-0.174331 -0.623230 0
-1.160264 0.878258 1
-1.361193 0.449302 1
1.426876 -0.266845 1
0.063210 -0.044321 0
1.058448 -1.466717 1
-1.209475 0.045123 1
1.249976 0.988676 1
1.206248 0.464659 1
-0.683885 0.407407 0
-0.524154 -0.325162 0
-0.354380 -0.068050 0
-0.723641 -1.448069 1
-0.053794 -0.406037 0
-0.557036 -0.573915 1
1.058458 1.487603 1
1.184235 0.714537 1
0.942443 -0.226802 1
-0.105125 -0.637354 0
-0.193501 -0.272892 0
-0.429494 0.992138 0
-1.356974 -0.300857 1
-0.947902 -0.962827 1
0.413724 -0.743200 1
-1.015421 -1.155337 1
1.087536 -1.037482 1
1.109717 -0.733547 1
-1.095754 -0.312435 1
0.318709 0.764162 0
0.732616 0.590674 0
-0.670251 1.227066 1
-0.696372 0.290067 0
-0.339181 -1.042569 1
0.647621 0.614724 0
-0.040682 0.054604 0
-0.998907 -0.658718 1
-0.828231 1.332338 1
0.811194 -0.956872 1
0.609029 -1.466502 1
-1.185794 1.172419 1
-1.344093 -0.500098 1
1.198988 -1.358235 1
1.021499 -0.914711 1
-1.337054 -0.918635 1
0.740479 -1.471755 1
-0.754334 0.004601 0
-0.033266 0.514051 0
-1.350427 -0.670018 1
-1.224673 -0.492194 1
0.517427 0.916690 0
0.194856 0.267696 0
-0.478264 -0.473384 0
0.228319 -0.663770 0
-1.368069 -0.020280 1
0.773245 0.461664 0
1.264645 1.416242 1
1.428597 0.569967 1
1.322378 -1.084463 1
0.704350 -1.101743 1
0.451487 0.357851 0
-1.114217 -0.459674 1
-1.243378 0.722657 1
-0.904658 -0.863116 1
-0.946299 -0.563680 1
1.484636 0.885279 1
-0.647964 0.122618 0
0.787515 -0.152993 0
0.402408 -1.081128 1
1.430750 -0.122871 1
0.343472 1.099944 0
-0.496923 -1.401295 1
-1.010247 -0.469310 1
0.996370 -0.765275 1
0.635601 0.058746 0
0.980762 0.316065 0
0.800161 1.376062 1
0.541257 0.770254 0
1.166570 0.627723 1
-1.409208 0.278884 1
-1.196904 -1.488003 1
1.081075 -1.285410 1
1.116696 0.344536 0
0.627605 0.784036 0
-1.303575 -1.158379 1
1.234001 -0.860864 1
-0.676477 -0.610787 1
0.955027 1.422281 1
0.274310 0.036047 0
0.451347 0.653415 0
0.746295 -0.096358 0
0.164418 0.085097 0
1.178951 -1.428658 1
0.458203 -1.302440 1
1.426830 -0.714928 1
-0.782399 0.986033 0
0.169187 1.064355 0
-1.446205 0.918915 1
1.302074 1.228617 1
0.304684 -1.454185 1
0.403457 0.276227 0
-0.060858 1.277024 1
0.414294 0.287461 0
0.488143 -1.082447 1
-0.249616 1.482370 1
0.206618 0.219381 0
1.429598 -0.092045 1
1.184237 0.769697 1
0.820539 0.352803 0
-1.281123 0.635634 1
-0.307235 1.150126 0
-0.094356 -1.485599 1
-0.472531 1.366403 1
0.585138 -0.245724 0
-0.086312 0.411339 0
1.038010 -0.540852 1
-1.137597 -0.611328 1
0.300525 -0.985511 1
0.482806 0.345080 0
0.245106 -0.235492 0
0.901643 0.056961 0
0.288411 -0.032521 0
1.150832 -0.664286 1
-0.307170 1.250710 1
0.558924 -0.713484 1
0.059329 -0.623575 0
1.314063 -0.424195 1
1.366541 0.758013 1
0.563352 -0.631267 1
0.535589 1.482174 1
0.118035 -0.872170 0
-0.945018 -0.480348 1
-0.984333 -0.635098 1
-1.376399 0.543423 1
0.747121 -1.149576 1
-0.221394 -1.090280 1
0.302761 -0.538279 0
-1.444758 -0.389093 1
1.197155 1.452479 1
0.166450 1.353514 1
0.529490 -1.388948 1
-0.587695 1.196028 0
-0.449850 0.138207 0
-0.340539 0.747916 0
-1.068107 -1.497935 1
-0.420651 1.335210 1
1.458480 -1.494455 1
1.232496 0.435488 1
-0.060203 -0.877066 0
-0.580685 0.731942 0
0.882933 -0.464430 1
0.069859 0.475464 0
-0.247521 0.193524 0
0.688330 -0.305535 0
1.285606 1.275912 1
1.231958 -0.990064 1
-0.994628 0.285214 0
1.111022 -1.129264 1
-1.463526 1.067317 1
1.198835 0.282824 1
-0.539079 0.561543 0
1.488500 -0.360414 1
0.272428 1.058250 0
-0.152149 1.268561 1
-0.984418 1.280663 1
-0.739759 -0.452778 1
-1.447283 -1.191913 1
0.522100 -1.214890 1
0.356485 -1.204696 1
0.030105 0.288217 0
-0.188604 -0.973131 1
1.276879 0.966762 1
1.046327 -0.971466 1
-0.358976 -0.190139 0
0.701164 -0.527385 1
1.190663 -0.720153 1
0.364300 -0.654479 0
0.586435 0.909282 0
-0.775330 0.814110 0
-0.451986 -1.383145 1
